---
Mammal:            dog
Fs:                500
Integration_level: electrocardiogram

Channels:

    - type:   peak
      name:   Data
      unit:   index
      enable: yes

---

150
367
603
835
1056
1271
1495
1763
1995
2218
2418
2635
2857
3065
3259
3449
3649
3861
4059
4256
4462
4666
4855
5041
5228
5414
5594
5773
5952
6142
6322
6493
6666
6838
7025
7214
7393
7569
7760
7948
8135
8316
8498
8683
8875
9059
9239
9424
9625
9832
10039
10248
10455
10658
10861
11073
11283
11482
11681
11874
12098
12319
12560
12814
13059
13286
13517
13755
14015
14259
14493
14747
14984
15268
15514
15758
16014
16283
16553
16796
17022
17273
17548
17811
18056
18289
18540
18822
19120
19395
19644
19880
20133
20400
20647
20879
21105
21343
21571
21816
22067
22293
22505
22735
22954
23168
23370
23562
23757
23976
24206
24462
24689
24901
25150
25382
25632
25865
26084
26311
26574
26843
27083
27297
27519
27765
28030
28263
28507
28741
28978
29200
29405
29614
29837
30073
30319
30541
30753
30969
31202
31447
31740
31966
32173
32395
32618
32855
33078
33293
33516
33754
34023
34262
34484
34713
34935
35173
35399
35616
35820
36047
36262
36488
36748
37047
37318
37571
37803
38061
38311
38555
38787
39021
39289
39575
39818
40045
40296
40560
40837
41078
41313
41560
41843
42111
42359
42608
42846
43169
43433
43673
43910
44154
44410
44647
44879
45142
45412
45654
45884
46112
46352
46618
46879
47123
47368
47609
47853
48089
48315
48536
48756
48996
49269
49541
49825
50077
50325
50561
50804
51024
51235
51453
51690
51925
52164
52428
52690
52928
53178
53428
53710
53949
54178
54414
54668
54923
55171
55479
55735
55980
56257
56512
56761
56991
57202
57419
57664
57922
58197
58436
58672
58913
59175
59418
59651
59908
60163
60464
60714
60950
61199
61456
61750
62022
62267
62487
62721
62957
63234
63532
63800
64037
64288
64550
64823
65118
65367
65599
65820
66082
66347
66683
66977
67228
67452
67672
67924
68204
68577
68840
69080
69329
69600
69913
70262
70533
70757
71003
71263
71534
71939
72189
72409
72641
72931
73246
73617
73873
74100
74312
74559
74803
75100
75350
75585
75840
76133
76436
76724
76976
77199
77415
77670
77921
78204
78476
78728
78945
79185
79430
79732
80005
80266
80499
80719
80958
81223
81496
81781
82031
82262
82512
82762
83073
83394
83645
83871
84087
84343
84620
84964
85244
85475
85704
85923
86199
86462
86836
87127
87377
87606
87832
88090
88387
88704
88977
89221
89453
89747
90055
90410
90698
90948
91176
91438
91699
92028
92297
92560
92854
93193
93532
93809
94052
94307
94610
94944
95239
95504
95742
96032
96336
96684
96952
97184
97432
97738
98072
98325
98555
98774
99020
99248
99533
99772
100014
100249
100485
100721
100945
101159
101362
101580
101794
102018
102242
102461
102695
102932
103180
103407
103622
103832
104044
104269
104487
104705
104921
105163
105420
105646
105865
106080
106310
106529
106745
106951
107148
107358
107572
107803
108018
108245
108457
108664
108875
109081
109290
109493
109697
109916
110163
110380
110589
110788
110999
111217
111464
111683
111894
112099
112340
112616
112859
113073
113269
113517
113734
113947
114195
114420
114636
114859
115073
115283
115502
115741
115966
116201
116428
116666
116880
117086
117298
117503
117709
117937
118156
118367
118571
118792
119043
119256
119464
119669
119900
120154
120386
120613
120867
121093
121319
121577
121795
121997
122188
122400
122620
122846
123066
123275
123499
123725
123947
124165
124376
124592
124828
125082
125308
125538
125776
126005
126225
126464
126705
126927
127156
127422
127650
127879
128131
128371
128591
128830
129053
129285
129512
129769
130020
130258
130478
130707
130948
131183
131418
131672
131943
132190
132430
132691
132953
133185
133394
133626
133853
134070
134283
134515
134780
135010
135234
135447
135662
135873
136075
136269
136471
136675
136874
137075
137267
137460
137661
137877
138099
138313
138524
138737
138981
139213
139440
139666
139913
140195
140443
140674
140925
141219
141475
141706
141932
142192
142478
142729
142966
143190
143420
143642
143863
144086
144352
144592
144855
145095
145347
145572
145784
146005
146216
146425
146628
146848
147068
147281
147488
147701
147928
148175
148411
148648
148893
149141
149385
149635
149877
150119
150361
150624
150903
151199
151469
151735
152001
152257
152517
152792
153084
153416
153721
154015
154287
154552
154844
155117
155402
155729
156031
156301
156563
156885
157166
157429
157688
158011
158261
158503
158811
159054
159305
159610
159939
160208
160441
160716
161007
161263
161493
161792
162077
162330
162562
162817
163087
163379
163631
163873
164126
164397
164654
164895
165131
165385
165643
165897
166141
166391
