---
Mammal:            dog
Fs:                500
Integration_level: electrocardiogram

Channels:

    - type:   peak
      name:   Data
      unit:   index
      enable: yes

---

189
413
625
834
1064
1303
1527
1750
1964
2236
2499
2742
2962
3173
3383
3635
3867
4078
4287
4498
4776
5014
5238
5452
5679
5952
6186
6411
6627
6861
7108
7327
7541
7758
8035
8304
8557
8788
9009
9256
9495
9717
9930
10134
10332
10545
10780
10998
11214
11427
11657
11925
12169
12400
12619
12837
13063
13436
13709
13958
14184
14404
14632
14869
15240
15488
15810
16057
16304
16592
16973
17302
17611
17894
18163
18469
18796
19114
19409
19672
19970
20322
20645
20935
21187
21423
21783
22122
22418
22684
22934
23308
23630
23923
24179
24470
24854
25136
25384
25618
25970
26313
26651
26939
27186
27454
27832
28160
28473
28751
28988
29270
29675
29987
30274
30513
30741
31125
31425
31711
31965
32208
32620
32941
33235
33505
33737
34078
34416
34765
35064
35329
35565
35906
36236
36512
36764
37065
37443
37759
38044
38298
38573
38946
39266
39565
39832
40088
40508
40823
41118
41372
41601
41947
42259
42557
42810
43049
43391
43700
43964
44211
44477
44824
45113
45363
45600
45921
46265
46551
46816
47051
47295
47628
47950
48275
48538
48785
49022
49325
49707
50008
50278
50514
50784
51174
51454
51710
51942
52190
52568
52872
53220
53482
53725
53975
54361
54721
55045
55326
55559
55794
56131
56477
56791
57067
57309
57561
57976
58284
58567
58809
59054
59429
59774
60106
60390
60623
60907
61241
61611
61875
62120
62351
62692
63024
63374
63667
63909
64138
64436
64807
65133
65424
65665
65893
66176
66615
66900
67183
67413
67665
68017
68355
68657
68909
69144
69460
69802
70148
70438
70674
70901
71224
71539
71930
72220
72464
72700
73066
73389
73675
73921
74153
74487
74814
75155
75461
75710
75963
76197
76667
76950
77225
77461
77750
78062
78351
78607
78849
79081
79363
79714
79956
80229
80456
80760
81116
81375
81618
81847
82080
82465
82748
83005
83217
83429
83691
83953
84198
84425
84660
85003
85274
85526
85752
85969
86206
86527
86774
87009
87231
87455
87720
87948
88168
88372
88574
88770
88972
89241
89454
89670
89886
90147
90383
90595
90795
90995
91222
91442
91654
91855
92047
92228
92401
92570
92736
92908
93096
93312
93516
93721
93939
94178
94396
94610
94829
95095
95320
95527
95734
95957
96180
96396
96609
96822
97038
97255
97476
97711
97962
98197
98517
98773
99009
99304
99596
99853
100133
100434
100691
100930
101154
101387
101624
102010
102253
102478
102701
103011
103266
103509
103783
104071
104319
104548
104768
104983
105198
105435
105670
105894
106110
106333
106551
106781
106998
107211
107422
107626
107826
108024
108225
108430
108635
108837
109041
109244
109445
109648
109845
110042
110236
110426
110611
110797
110986
111183
111386
111596
111872
112100
112348
112581
112864
113121
113368
113598
113816
114055
114332
114591
114825
115046
115286
115574
115823
116047
116280
116597
116858
117106
117371
117602
117826
118068
118364
118619
118856
119081
119297
119536
119795
120031
120277
120567
120802
121026
121239
121445
121676
121904
122126
122368
122649
122888
123117
123338
123554
123780
124018
124246
124464
124679
124895
125133
125367
125598
125818
126028
126247
126481
126714
126941
127159
127379
127597
127844
128166
128430
128665
128894
129137
129453
129710
129975
130223
130485
130804
131118
131398
131655
131898
132145
132423
132663
132885
133096
133299
133504
133711
133933
134192
