---
Mammal:            rabbit
Fs:                1000
Integration_level: electrocardiogram

Channels:

    - type:   peak
      name:   Data
      unit:   index
      enable: yes

---

138
332
531
731
932
1134
1335
1538
1743
1952
2163
2372
2581
2788
2995
3203
3415
3630
3844
4064
4278
4493
4711
4924
5146
5361
5577
5790
6000
6212
6426
6638
6847
7054
7261
7469
7678
7888
8095
8302
8509
8717
8929
9142
9353
9563
9772
9981
10189
10397
10607
10813
11018
11221
11424
11627
11836
12043
12253
12461
12668
12873
13078
13284
13492
13701
13908
14114
14318
14522
14728
14935
15145
15354
15561
15769
15978
16187
16405
16622
16842
17060
17275
17487
17700
17914
18130
18343
18559
18771
18983
19196
19410
19630
19849
20067
20286
20501
20718
20935
21152
21371
21588
21804
22017
22232
22448
22665
22882
23100
23317
23537
23759
23986
24211
24436
24657
24880
25101
25322
25545
25766
25986
26204
26419
26635
26855
27072
27291
27509
27728
27946
28167
28395
28627
28855
29081
29303
29526
29747
29969
30191
30413
30635
30852
31073
31291
31511
31730
31950
32169
32384
32599
32816
33036
33255
33476
33697
33914
34132
34350
34569
34789
35007
35222
35434
35647
35862
36078
36294
36508
36721
36937
37153
37371
37591
37812
38034
38254
38476
38699
38922
39146
39367
39587
39802
40021
40239
40455
40668
40881
41096
41312
41528
41745
41958
42172
42384
42598
42815
43030
43245
43459
43670
43881
44092
44307
44523
44739
44952
45168
45382
45597
45816
46034
46250
46469
46685
46902
47120
47338
47558
47778
47999
48218
48437
48658
48879
49100
49316
49530
49745
49960
50179
50398
50616
50834
51050
51267
51487
51707
51929
52148
52365
52582
52799
53018
53238
53456
53675
53895
54113
54333
54555
54775
54996
55216
55436
55655
55875
56099
56319
56540
56761
56980
57200
57424
57645
57869
58089
58308
58526
58746
58966
59185
59405
59627
59848
60071
60294
60521
60748
60974
61199
61420
61640
61861
62080
62302
62523
62744
62963
63185
63410
63639
63864
64092
64317
64541
64764
64988
65210
65434
65657
65875
66095
66317
66538
66760
66984
67204
67422
67640
67858
68080
68301
68522
68744
68965
69184
69406
69630
69852
70072
70292
70510
70729
70951
71174
71397
71622
71844
72065
72287
72508
72732
72956
73180
73400
73619
73837
74057
74279
74500
74721
74936
75155
75372
75592
75812
76031
76248
76467
76683
76902
77119
77337
77555
77771
77985
78200
78414
78629
78845
79065
79283
79500
79715
79930
80147
80367
80583
80800
81013
81226
81438
81651
81866
82081
82295
82509
82720
82934
83149
83367
83585
83806
84022
84242
84465
84687
84910
85133
85354
85575
85792
86011
86232
86453
86674
86894
87112
87333
87554
87780
88006
88232
88456
88680
88903
89128
89354
89579
89803
90027
90253
90478
90702
90930
91157
91379
91598
91815
92036
92255
92474
92693
92912
93128
93342
93556
93770
93987
94205
94422
94638
94852
95066
95281
95498
95715
95930
96144
96359
96573
96788
97006
97224
97443
97659
97876
98093
98311
98533
98753
98974
99193
99410
99631
99851
100073
100294
100517
100736
100956
101174
101394
101617
101840
102064
102285
102504
102727
102953
103179
103405
103627
103849
104071
104296
104524
104751
104980
105207
105432
105656
105880
106104
106329
106551
106769
106987
107205
107425
107646
107865
108083
108300
108517
108735
108952
109168
109382
109595
109808
110022
110241
110458
110676
110896
111116
111336
111556
111777
111998
112214
112432
112648
112867
113086
113309
113530
113750
113970
114190
114409
114631
114854
115078
115302
115525
115747
115968
116194
116420
116646
116869
117089
117311
117532
117755
117979
118202
118425
118649
118871
119096
119321
119548
119776
120004
120226
120456
120684
120912
121140
121367
121592
121817
122043
122271
122500
122727
122950
123172
123391
123609
123831
124052
124274
124495
124712
124928
125145
125361
125580
125799
126018
126235
126450
126665
126880
127099
127316
127535
127753
127971
128189
128411
128636
128861
129086
129311
129532
129750
129968
130188
130410
130631
130850
131066
131280
131496
131713
131931
132147
132363
132577
132791
133005
133221
133438
133657
133874
134094
134310
134530
134750
134972
135193
135413
135631
135847
136067
136290
136513
136735
136956
137176
137393
137612
137833
138054
138276
138493
138714
138940
139173
139409
139642
139873
140103
140332
140563
140794
141021
141250
141472
141695
141916
142139
142361
142588
142811
143033
143252
143473
143692
143914
144134
144353
144570
144785
144999
145215
145430
145648
145865
146083
146299
146514
146734
146955
147178
147398
147619
147836
148054
148273
148494
148717
148940
149163
149382
149602
149823
150046
150269
150493
150716
150935
151153
151372
151595
151818
152042
152264
152486
152706
152926
153153
153376
153602
153827
154048
154271
154498
154726
154952
155176
155399
155621
155843
156066
156291
156515
156741
156962
157187
157414
157641
157871
158099
158329
158556
158781
159006
159232
159456
159681
159903
160122
160343
160564
160785
161006
161225
161441
161658
161877
162098
162320
162543
162763
162981
163199
163421
163644
163866
164088
164307
164525
164744
164964
165184
165405
165625
165841
166058
166276
166496
166716
166936
167157
167377
167600
167824
168049
168272
168498
168719
168942
169164
169391
169618
169844
170076
170303
170534
170765
170999
171231
171465
171693
171919
172144
172370
172597
172821
173045
173266
173488
173709
173931
174155
174378
174598
174816
175034
175254
175474
175694
175912
176127
176340
176552
176767
176983
177200
177416
177630
177841
178053
178263
178476
178688
178901
179112
179322
179531
179741
179954
180168
180383
180598
180815
181031
181252
181476
181699
181922
182140
182357
182571
182786
183004
183222
183439
183657
183874
184093
184311
184532
184751
184974
185192
185410
185626
185847
186071
186298
186526
186753
186975
187197
187418
187642
187864
188085
188310
188533
188761
188988
189219
189447
189675
189903
190132
190360
190590
190822
191054
191283
191514
191741
191968
192198
192427
192654
192882
193105
193328
193549
193773
193996
194218
194437
194653
194869
195086
195308
195532
195756
195981
196200
196420
196642
196863
197086
197307
197527
197746
197963
198184
198405
198627
198849
199067
199288
199508
199732
199957
200183
200406
200629
200849
201072
201294
201518
201743
201964
202185
202406
202627
202851
203072
203295
203515
203738
203959
204182
204407
204634
204863
205092
205317
205545
205776
206006
206238
206466
206698
206927
207158
207390
207624
207854
208080
208305
208532
208759
208987
209214
209440
209665
209891
210116
210345
210570
210795
211019
211240
211460
211680
211905
212128
212349
212568
212785
213000
213215
213432
213649
213867
214084
214299
214512
214727
214943
215162
215383
215605
215825
216045
216267
216490
216714
216935
217155
217372
217593
217813
218039
218264
218487
218712
218935
219160
219381
219607
219833
220061
220283
220514
220741
220971
221199
221425
221648
221870
222091
222317
222542
222768
222994
223217
223442
223669
223899
224131
224362
224596
224824
225053
225285
225519
225750
225982
226208
226438
226664
226892
227123
227353
227580
227805
228031
228259
228488
228717
228946
229170
229390
229607
229826
230045
230263
230481
230700
230915
231131
231349
231569
231789
232010
232231
232449
232668
232888
233110
233332
233556
233776
233998
234218
234438
234660
234881
235101
235320
235535
235750
235967
236187
236407
236632
236854
237077
237297
237518
237738
237961
238184
238406
238627
238846
239066
239286
239509
239731
239953
240172
240387
240603
240820
241038
241256
241473
241692
241908
242123
242340
242563
242784
243006
243226
243447
243666
243886
244111
244337
244562
244789
245014
245238
245462
245687
245914
246139
246362
246587
246808
247030
247253
247477
247701
247924
248148
248368
248589
248812
249039
249265
249493
249720
249943
250166
250390
250614
250841
251068
251293
251516
251738
251962
252192
252420
252646
252870
253093
253317
253545
253778
254007
254239
254471
254700
254933
255166
255404
255639
255875
256108
256337
256563
256791
257023
257249
257475
257699
257918
258139
258358
258581
258805
259026
259246
259461
259675
259887
260102
260318
260531
260741
260951
261159
261369
261584
261798
262010
262222
262432
262644
262859
263077
263293
263508
263723
263941
264160
264380
264601
264819
265036
265255
265475
265699
265920
266141
266364
266590
266822
267053
267283
267510
267735
267962
268188
268416
268641
268863
269088
269312
269541
269768
269997
270225
270452
270677
270904
271130
271355
271589
271818
272055
272288
272521
272756
272992
273232
273474
273714
273957
274191
274422
274655
274889
275120
275356
275592
275823
276056
276291
276524
276758
276987
277213
277443
277670
277902
278129
278352
278574
278793
279013
279237
279462
279687
279914
280137
280363
280591
280821
281050
281277
281503
281729
281953
282183
282410
282639
282866
283094
283327
283560
283793
284024
284256
284487
284718
284950
285181
285413
285641
285867
286106
286342
286575
286809
287041
287273
287504
287736
287967
288197
288426
288665
288903
289140
289374
289604
289829
290056
290283
290512
290736
290962
291191
291424
291660
291894
292129
292356
292582
292806
293031
293255
293478
293694
293912
294135
294363
294591
294822
295050
295279
295507
295740
295971
296203
296430
296660
296890
297121
297352
297589
297822
298054
298284
298514
298741
298966
299188
299409
299636
299862
300092
300323
300554
300784
301016
301246
301474
301700
301921
302142
302366
302591
302816
303044
303271
303500
303731
303961
304193
304421
304648
304875
305103
305335
305564
305789
306012
306236
306462
306690
306917
307144
307365
307585
307807
308033
308256
308479
308701
308918
309134
309353
309574
309795
310016
310235
310451
310665
310881
311099
311320
311538
311755
311968
312181
312398
312615
312835
313056
313274
313494
313713
313933
314157
314381
314605
314827
315046
315266
315488
315713
315936
316160
316383
316604
316825
317046
317268
317489
317708
317927
318145
318367
318590
318812
319034
319254
319473
319694
319915
320138
320361
320584
320806
321030
321256
321483
321711
321937
322161
322381
322605
322828
323054
323278
323498
323718
323938
324161
324383
324606
324830
325053
325280
325511
325738
325966
326190
326411
326632
326855
327082
327310
327538
327764
327987
328213
328438
328665
328892
329118
329338
329558
329778
330002
330225
330446
330666
330885
331104
331324
331547
331768
331987
332203
332420
332636
332856
333075
333295
333512
333729
333947
334166
334387
334613
334838
335062
335287
335514
335741
335968
336196
336427
336652
336880
337106
337333
337558
337781
338005
338227
338454
338681
338908
339137
339370
339599
339831
340059
340285
340510
340732
340949
341162
341375
341590
341802
342015
342223
342431
342643
342852
343058
343262
343466
343669
343877
344081
344287
344492
344891
345093
345294
345494
345693
345890
346088
346287
346489
346691
346895
347098
347304
347509
347713
347918
348121
348326
348528
348734
348939
349143
349345
349547
349753
349958
350164
350371
350578
350782
350986
351188
351391
351600
351810
352025
352243
352457
352678
352895
353113
353331
353544
353758
353972
354186
354401
354613
354822
355031
355244
355456
355669
355881
356093
356306
356520
356737
356954
357169
357386
357603
357820
358034
358250
358463
358677
358889
359104
359320
359537
359756
359975
360190
360407
360623
360843
361065
361292
361529
361772
362011
362255
362490
362721
362948
363181
363411
363640
363872
364095
364316
364537
364758
364980
365203
365427
365652
365872
366091
366310
366534
366757
366980
367198
367411
367625
367838
368053
368274
368494
368715
368937
369162
369393
369625
369855
370080
370305
370538
370770
371005
371246
371485
371726
371968
372209
372451
372689
372928
373167
373402
373633
373861
374090
374323
374551
374782
375018
375254
375485
375716
375946
376177
376402
376627
376851
377076
377298
377520
377742
377959
378176
378390
378605
378821
379038
379252
379465
379677
379887
380097
380312
380525
380739
380950
381160
381374
381593
381814
382038
382261
382483
382704
382923
383146
383369
383595
383827
384057
384289
384522
384754
384987
385216
385441
385667
385891
386116
386342
386569
386796
387019
387243
387466
387692
387920
388146
388368
388592
388813
389035
389254
389480
389709
389936
390164
390393
390620
390844
391069
391296
391523
391748
391973
392196
392419
392648
392879
393107
393333
393553
393771
393991
394214
394434
394656
394874
395088
395301
395516
395730
395949
396167
396386
396605
396822
397040
397260
397482
397704
397924
398145
398363
398588
398814
399048
399289
399530
399769
400005
400241
400477
400710
400939
401167
401394
401620
401852
402081
402316
402545
402771
403000
403233
403465
403694
403927
404162
404395
404633
404869
405105
405339
405568
405796
406023
406254
406487
406717
406949
407179
407406
407637
407866
408095
408325
408552
408775
408995
409217
409440
409663
409886
410107
410324
410541
410760
410981
411200
411419
411638
411853
412069
412285
412504
412723
412944
413163
413377
413590
413804
414019
414236
414451
414666
414881
415093
415308
415527
415746
415967
416187
416407
416625
416843
417067
417292
417517
417741
417962
418182
418403
418626
418851
419076
419298
419516
419738
419960
420185
420411
420637
420860
421081
421304
421527
421749
421971
422191
422410
422631
422853
423078
423306
423530
423752
423976
424202
424428
424655
424884
425111
425335
425562
425792
426021
426250
426479
426704
426931
427159
427387
427613
427839
428067
428292
428518
428746
428974
429200
429427
429648
429869
430092
430317
430541
430766
430987
431209
431431
431655
431877
432099
432321
432537
432756
432974
433194
433419
433643
433863
434081
434300
434518
434740
434962
435187
435411
435633
435855
436082
436312
436543
436772
437001
437228
437457
437687
437915
438142
438369
438593
438815
439038
439265
439492
439719
439951
440182
440415
440650
440887
441120
441354
441589
441820
442052
442284
442514
442742
442972
443201
443433
443665
443896
444128
444354
444578
444801
445024
445250
445477
445705
445927
446155
446383
446612
446840
447063
447286
447506
447726
447949
448170
448393
448614
448834
449053
449270
449492
449714
449939
450160
450380
450598
450821
451043
451267
451493
451716
451936
452154
452371
452588
452807
453023
453239
453451
453662
453874
454088
454306
454523
454740
454958
455179
455403
455629
455854
456082
456309
456534
456759
456985
457211
457437
457663
457890
458116
458344
458576
458810
459048
459277
459510
459744
459979
460211
460440
460665
460892
461120
461351
461579
461812
462039
462266
462492
462720
462950
463176
463404
463627
463851
464075
464300
464528
464753
464976
465197
465415
465633
465854
466075
466296
466516
466736
466954
467173
467392
467614
467838
468063
468285
468506
468731
468956
469185
469415
469647
469879
470107
470338
470567
470796
471025
471251
471478
471703
471929
472158
472387
472614
472839
473058
473279
473503
473732
473958
474186
474414
474640
474876
475115
475357
475598
475835
476072
476303
476538
476774
477010
477242
477473
477702
477932
478168
478399
478630
478860
479086
479316
479544
479774
480000
480225
480445
480663
480882
481105
481327
481550
481769
481985
482201
482419
482637
482856
483075
483292
483506
483721
483938
484159
484381
484605
484830
485049
485273
485499
485725
485953
486178
486407
486635
486867
487096
487324
487553
487782
488009
488236
488463
488685
488911
489136
489366
489594
489823
490049
490274
490502
490731
490961
491189
491419
491646
491871
492098
492328
492554
492783
493010
493233
493458
493686
493914
494145
494373
494597
494821
495043
495267
495492
495716
495944
496168
496389
496612
496835
497060
497284
497506
497728
497945
498163
498382
498606
498827
499053
499275
499496
499718
499944
500168
500395
500623
500846
