---
Mammal:            rabbit
Fs:                1000
Integration_level: electrocardiogram

Channels:

    - type:   peak
      name:   Data
      unit:   index
      enable: yes

---

33
254
472
691
900
1108
1314
1521
1730
1937
2145
2352
2560
2770
2981
3190
3399
3604
3809
4014
4219
4425
4632
4838
5045
5252
5460
5672
5893
6123
6360
6601
6840
7078
7314
7548
7778
8008
8235
8459
8685
8914
9140
9367
9591
9814
10036
10258
10481
10703
10929
11152
11378
11602
11823
12048
12273
12501
12730
12957
13181
13400
13622
13844
14072
14298
14527
14750
14970
15193
15417
15642
15868
16091
16321
16545
16769
16994
17218
17441
17666
17885
18104
18320
18535
18754
18975
19194
19415
19629
19843
20058
20273
20488
20704
20918
21133
21346
21563
21780
21997
22212
22425
22635
22844
23056
23272
23486
23702
23917
24128
24340
24555
24770
24989
25206
25422
25636
25849
26064
26282
26501
26720
26937
27155
27370
27588
27804
28022
28239
28456
28671
28888
29108
29326
29544
29762
29979
30197
30419
30642
30864
31082
31301
31517
31735
31956
32178
32401
32620
32835
33050
33266
33483
33700
33916
34129
34338
34547
34755
34965
35174
35383
35588
35795
36002
36213
36424
36641
36858
37074
37294
37517
37740
37962
38186
38406
38625
38845
39065
39285
39505
39722
39937
40155
40374
40592
40813
41033
41250
41466
41683
41899
42121
42341
42563
42785
43003
43223
43444
43665
43886
44106
44329
44552
44774
44996
45218
45442
45663
45881
46098
46313
46531
46749
46968
47189
47407
47627
47847
48071
48294
48517
48738
48959
49178
49400
49622
49847
50069
50291
50508
50729
50950
51174
51395
51616
51835
52052
52270
52493
52715
52939
53161
53381
53601
53821
54046
54267
54487
54708
54924
55140
55359
55578
55797
56017
56236
56460
56682
56902
57124
57344
57565
57783
58001
58219
58439
58658
58878
59102
59320
59539
59761
59981
60202
60423
60644
60863
61084
61309
61532
61755
61976
62199
62417
62633
62855
63073
63294
63512
63729
63941
64153
64365
64582
64796
65013
65231
65446
65663
65882
66101
66324
66546
66766
66984
67202
67425
67646
67870
68093
68314
68537
68766
68994
69219
69449
69678
69904
70129
70353
70582
70809
71038
71261
71487
71709
71935
72157
72383
72609
72834
73066
73295
73531
73766
73996
74224
74447
74671
74893
75118
75341
75565
75791
76012
76235
76459
76682
76906
77128
77347
77564
77780
77997
78216
78436
78653
78869
79084
79297
79513
79730
79950
80167
80385
80599
80813
81030
81249
81467
81686
81903
82118
82330
82545
82758
82970
83180
83391
83603
83817
84028
84236
84445
84656
84872
85089
85307
85528
85748
85966
86184
86402
86618
86834
87046
87257
87470
87685
87901
88116
88330
88546
88761
88978
89196
89413
89631
89847
90062
90277
90491
90709
90924
91141
91353
91564
91774
91984
92198
92412
92627
92841
93051
93261
93469
93683
93897
94113
94328
94542
94756
94970
95186
95402
95617
95832
96044
96257
96470
96685
96903
97119
97335
97547
97759
97973
98188
98404
98622
98837
99051
99266
99481
99697
99915
100134
100350
100565
100781
100998
101216
101434
101652
101867
102082
102295
102513
102729
102950
103171
103388
103607
103826
104046
104265
104484
104700
104917
105132
105346
105561
105777
105993
106209
106424
106637
106854
107071
107289
107505
107723
107938
108152
108369
108586
108803
109021
109236
109450
109663
109878
110094
110309
110525
110740
110954
111168
111384
111601
111821
112036
112253
112469
112684
112902
113118
113335
113552
113767
113982
114200
114418
114636
114857
115074
115289
115505
115722
115938
116156
116376
116593
116811
117027
117247
117467
117684
117905
118122
118339
118557
118776
118996
119217
119435
119656
119874
120096
120320
120547
120773
120995
121219
121443
121668
121891
122114
122333
122548
122762
122975
123188
123402
123617
123831
124044
124254
124465
124676
124892
125107
125323
125537
125755
125969
126186
126402
126620
126840
127060
127279
127498
127715
127934
128151
128371
128589
128805
129022
129240
129457
129677
129896
130115
130333
130549
130766
130985
131204
131426
131649
131871
132096
132323
132552
132787
133017
133250
133487
133726
133961
134198
134431
134661
134890
135116
135341
135566
135797
136025
136254
136483
136711
136942
137169
137400
137629
137857
138085
138306
138529
138753
138975
139198
139422
139642
139859
140076
140292
140510
140727
140946
141164
141378
141592
141807
142024
142240
142457
142672
142886
143099
143312
143531
143747
143964
144179
144392
144605
144818
145035
145249
145464
145682
145898
146114
146333
146553
146772
146991
147209
147426
147642
147861
148079
148297
148516
148733
148948
149164
149381
149602
149823
150044
150262
150481
150702
150922
151145
151366
151590
151811
152028
152248
152465
152687
152908
153129
153351
153569
153785
154004
154226
154449
154672
154896
155118
155340
155563
155787
156010
156234
156455
156675
156895
157117
157341
157565
157792
158017
158242
158466
158689
158912
159138
159364
159588
159811
160032
160253
160475
160698
160922
161145
161366
161587
161809
162034
162262
162488
162713
162935
163157
163381
163602
163828
164050
164273
164493
164716
164938
165164
165387
165611
165837
166061
166285
166510
166732
166955
167175
167392
167608
167824
168041
168259
168478
168695
168910
169124
169337
169555
169773
169992
170210
170425
170640
170861
171078
171299
171518
171736
171953
172171
172389
172608
172827
173045
173262
173478
173691
173906
174124
174341
174558
174775
174993
175208
175426
175648
175868
176090
176313
176536
176758
176979
177201
177421
177641
177861
178079
178302
178524
178748
178976
179203
179433
179658
179881
180104
180329
180556
180779
181002
181222
181439
181657
181879
182102
182325
182545
182764
182982
183201
183421
183644
183866
184087
184306
184524
184740
184956
185176
185395
185616
185837
186056
186274
186495
186718
186940
187164
187385
187606
187829
188052
188282
188515
188747
188976
189206
189434
189659
189887
190113
190340
190563
190784
191004
191225
191450
191675
191902
192129
192353
192579
192806
193033
193262
193490
193716
193937
194158
194380
194601
194822
195043
195261
195478
195697
195917
196137
196360
196583
196804
197023
197242
197465
197686
197910
198128
198347
198562
198777
198994
199211
199428
199644
199858
200072
200289
200509
200730
200951
201171
201390
201608
201828
202049
202269
202490
202708
202925
203139
203355
203575
203793
204016
204237
204455
204674
204902
205126
205350
205572
205793
206016
206239
206461
206681
206901
207120
207340
207559
207781
208007
208234
208461
208687
208916
209142
209370
209603
209833
210062
210289
210513
210736
210963
211187
211413
211638
211861
212080
212299
212519
212739
212963
213183
213403
213618
213833
214049
214265
214482
214698
214914
215126
215338
215551
215767
215983
216202
216423
216647
216872
217097
217323
217548
217773
217994
218214
218434
218658
218881
219103
219323
219541
219761
219981
220204
220426
220649
220872
221096
221317
221541
221765
221993
222218
222444
222667
222894
223123
223350
223578
223807
224032
224259
224482
224708
224932
225159
225384
225607
225829
226053
226278
226501
226727
226951
227171
227394
227612
227835
228058
228284
228506
228725
228944
229163
229383
229605
229826
230046
230264
230481
230703
230923
231146
231368
231589
231808
232027
232247
232468
232688
232910
233130
233348
233565
233786
234005
234228
234451
234675
234901
235128
235353
235580
235801
236024
236243
236460
236678
236899
237120
237342
237566
237790
238010
238233
238458
238683
238910
239135
239357
239576
239794
240014
240237
240460
240688
240912
241134
241357
241580
241803
242028
242252
242473
242694
242914
243139
243365
243589
243812
244033
244251
244470
244693
244916
245140
245366
245590
245810
246031
246253
246473
246697
246923
247145
247366
247593
247823
248057
248293
248528
248763
248991
249219
249448
249678
249906
250135
250362
250584
250810
251034
251263
251489
251714
251936
252159
252388
252614
252842
253068
253292
253516
253739
253963
254194
254425
254656
254891
255122
255351
255585
255816
256042
256267
256497
256723
256948
257175
257399
257623
257852
258080
258304
258528
258753
258978
259203
259426
259647
259865
260084
260303
260531
260755
260982
261207
261430
261651
261875
262099
262322
262545
262770
262997
263220
263448
263678
263909
264136
264363
264585
264807
265031
265253
265477
265701
265924
266149
266375
266602
266830
267059
267283
267508
267729
267951
268174
268397
268616
268834
269055
269278
269500
269721
269944
270162
270379
270597
270819
271037
271260
271480
271697
271915
272135
272356
272574
272794
273014
273228
273442
273657
273879
274101
274321
274542
274765
274985
275205
275429
275651
275872
276094
276321
276550
276779
277007
277237
277466
277693
277915
278135
278358
278584
278808
279035
279263
279486
279713
279941
280171
280399
280627
280851
281079
281313
281542
281773
282005
282236
282464
282692
282924
283153
283388
283618
283845
284073
284300
284525
284749
284972
285192
285411
285634
285863
286095
286324
286551
286776
287002
287227
287451
287682
287911
288135
288355
288577
288801
289024
289246
289470
289689
289907
290126
290347
290568
290788
291007
291227
291443
291660
291879
292097
292317
292536
292753
292969
293183
293401
293616
293835
294052
294268
294482
294697
294914
295127
295344
295561
295775
295991
296210
296430
296651
296871
297089
297305
297522
297740
297962
298182
298404
298621
298838
299055
299277
299498
299718
299939
300156
300378
300597
300816
301037
301257
301479
301696
301914
302136
302357
302577
302799
303020
303239
303458
303679
303902
304122
304343
304563
304779
304997
305217
305437
305657
305879
306096
306312
306528
306748
306969
307191
307418
307641
307863
308085
308311
308534
308759
308982
309205
309427
309649
309874
310100
310326
310553
310777
311005
311236
311466
311695
311925
312157
312384
312611
312836
313060
313283
313507
313732
313957
314184
314410
314642
314871
315100
315330
315558
315781
316007
316232
316456
316679
316899
317119
317341
317562
317784
318006
318226
318443
318664
318884
319110
319333
319556
319778
319997
320216
320433
320653
320871
321090
321310
321524
321738
321950
322164
322379
322595
322810
323025
323241
323456
323676
323896
324118
324340
324561
324782
325002
325223
325447
325670
325898
326123
326349
326575
326801
327026
327250
327471
327693
327916
328139
328362
328587
328814
329036
329261
329479
329699
329919
330141
330365
330588
330812
331033
331253
331476
331698
331922
332144
332366
332588
332810
333040
333266
333493
333718
333942
334169
334393
334619
334843
335067
335290
335507
335725
335944
336163
336385
336607
336830
337051
337273
337495
337720
337942
338166
338388
338608
338828
339052
339278
339504
339735
339961
340186
340407
340633
340857
341082
341306
341529
341752
341975
342197
342420
342643
342866
343088
343305
343529
343750
343972
344195
344416
344635
344852
345070
345288
345506
345726
345945
346162
346381
346601
346820
347041
347260
347478
347694
347912
348128
348350
348575
348799
349021
349244
349464
349684
349906
350127
350349
350568
350788
351007
351230
351453
351675
351899
352119
352337
352554
352777
353003
353231
353460
353687
353911
354135
354360
354585
354811
355038
355262
355486
355717
355949
356178
356408
356637
356868
357096
357326
357556
357789
358023
358255
358488
358718
358952
359188
359422
359659
359895
360132
360366
360603
360840
361072
361304
361534
361762
361988
362212
362438
362663
362889
363115
363338
363557
363778
363996
364220
364441
364665
364886
365105
365322
365539
365757
365977
366198
366417
366638
366856
367072
367289
367511
367731
367950
368171
368391
368612
368833
369056
369277
369499
369720
369937
370154
370371
370588
370804
371021
371237
371452
371665
371878
372095
372313
372536
372757
372978
373197
373416
373634
373856
374076
374300
374521
374741
374962
375181
375403
375621
375838
376059
376275
376492
376708
376930
377150
377370
377588
377804
378021
378236
378455
378674
378895
379112
379329
379543
379756
379971
380190
380406
380626
380844
381056
381268
381482
381698
381915
382131
382346
382557
382768
382982
383198
383415
383636
383857
384078
384297
384514
384732
384951
385171
385389
385607
385825
386043
386262
386484
386704
386925
387146
387364
387584
387806
388026
388248
388467
388687
388904
389122
389345
389565
389788
390011
390235
390459
390679
390903
391127
391350
391576
391808
392035
392266
392497
392728
392958
393185
393408
393632
393850
394069
394291
394511
394733
394956
395173
395390
395608
395826
396045
396263
396480
396698
396912
397125
397339
397556
397772
397992
398209
398426
398642
398855
399073
399292
399511
399731
399950
400168
400386
400606
400825
401044
401263
401479
401694
401908
402123
402339
402554
402772
402989
403205
403422
403641
403860
404079
404298
404516
404736
404953
405175
405399
405623
405849
406076
406301
406525
406752
406978
407204
407430
407655
407883
408107
408333
408562
408788
409015
409245
409467
409689
409910
410135
410357
410580
410801
411017
411233
411448
