---
Mammal:            dog
Fs:                500
Integration_level: electrocardiogram

Channels:

    - type:   peak
      name:   Data
      unit:   index
      enable: yes

---

128
444
760
1040
1307
1545
1775
2005
2228
2454
2673
2915
3157
3420
3674
3903
4125
4342
4551
4752
4963
5168
5431
5675
5948
6209
6463
6727
6975
7215
7457
7713
7971
8231
8495
8764
9135
9433
9729
10050
10308
10553
10784
11031
11268
11513
11751
12030
12303
12568
12833
13095
13351
13607
13864
14123
14408
14695
14955
15223
15474
15720
15963
16195
16425
16661
16890
17000
17341
17556
17789
18048
18307
18603
18888
19234
19533
19864
20150
20404
20660
20897
21134
21367
21490
21846
22073
22412
22742
23135
23525
23836
24119
24384
24628
24873
25120
25383
25915
26237
26547
26917
27184
27456
27778
28038
28288
28545
28864
29151
29455
29874
30155
30400
30673
30914
31151
31487
31751
32016
32294
32563
32811
33090
33349
33594
33827
34067
34305
34546
34814
35210
35492
35761
36037
36293
36540
36777
37014
37264
37708
37980
38242
38571
38836
39109
39365
39605
39852
40080
40337
40663
40941
41244
41693
41959
42205
42555
42822
43059
43293
43523
43750
43974
44212
44471
44767
45041
45326
45617
45887
46164
46450
46822
47139
47441
47704
47963
48241
48474
48697
48920
49148
49379
49800
50064
50311
50557
50812
51293
51551
51804
52041
52268
52500
52731
53014
53457
53580
53756
53985
54274
54519
54759
55013
55257
55502
55768
56024
56287
56535
56765
57001
57229
57446
57653
57857
58086
58329
58564
58800
59098
59414
59675
59931
60399
60674
60921
61271
61557
61844
62117
62454
62754
63025
63300
63559
63832
64086
64351
64638
64896
65161
65401
65634
65862
66083
66305
66563
66826
67288
67571
67862
68174
68584
68864
69112
69354
69592
69824
70069
70482
70749
71050
71375
71636
71896
72133
72373
72616
72870
73127
73464
73765
74107
74424
74695
74960
75226
75463
75701
75927
76145
76361
76586
76833
77127
77509
77772
78203
78469
78707
78946
79194
79463
79757
80254
80534
80796
81073
81348
81654
81919
82178
82548
82859
83124
83411
83829
84147
84414
84696
85033
85393
85672
85957
86246
86512
86779
87096
87448
87796
88072
88329
88622
88871
89108
89333
89564
89807
90039
90297
90568
90845
91110
91370
91663
91914
92146
92373
92623
92875
93122
93370
93614
93876
94177
94613
94915
95216
95518
95799
96070
96334
96592
96871
97129
97391
97640
97886
98133
98380
98630
98900
99170
99538
99860
100237
100589
100930
101266
101650
101990
102290
102567
102824
103072
103334
103639
103908
104360
104671
104933
105208
105621
105927
106212
106484
106744
107042
107325
107607
107890
108165
108456
108783
109184
109532
109832
110109
110445
110741
111020
111282
111575
111847
112113
112369
112616
112875
113213
113491
113782
114068
114364
114628
114883
115139
115385
115626
115863
116106
116351
116615
116917
117245
117595
117909
118204
118481
118750
119012
119266
119524
119826
120109
120382
120672
120951
121268
121613
121919
122180
122436
122714
122972
123228
123554
123821
124224
124558
124838
125120
125542
125821
126077
126323
126569
126810
127103
127576
127877
128227
128547
128829
129085
129327
129565
129800
130056
130348
130657
130954
131249
131521
131782
132051
132302
132538
132792
133040
133390
133670
133937
134188
134452
134704
134948
135195
135440
135690
135948
136210
136478
136764
137059
137377
137697
137973
138256
138561
138859
139176
139505
139810
140245
140590
140855
141112
141380
141639
141893
142156
142468
142744
143015
143287
143555
143811
144058
144302
144557
144799
145043
145301
145612
145919
146216
146534
146832
147120
147385
147654
147897
148164
148455
148729
148987
149248
149483
149722
150001
150247
150505
150924
151222
151475
151713
151941
152162
152404
152732
153011
153572
153854
154101
154334
154557
154786
155035
155309
155651
155963
156255
156536
156811
157101
157408
157747
158070
158367
158639
158969
159236
159498
159765
160049
160334
160613
160869
161168
161444
161694
161943
162189
162468
162725
162971
163207
163453
163718
164054
164384
164674
164970
165482
165847
166155
166491
166768
167024
167266
167529
167789
168052
168315
168590
168868
169275
169540
169799
170055
170296
170555
170805
171049
171305
171595
171869
172135
172408
172735
173008
173268
173580
173918
174193
174527
174793
175055
175328
175602
175849
176093
176339
176617
176884
177172
177546
177876
178393
178689
178943
179182
179417
179685
179925
180178
180417
180675
181072
181347
181600
181842
182075
182309
182641
182942
183469
183799
184091
184350
184651
184906
185158
185401
185653
185979
186261
186540
186837
187154
187451
187743
188007
188257
188508
188760
189003
189242
189487
189734
189981
190241
190501
190769
191028
191303
191578
191921
192214
192486
192764
193026
193281
193534
193785
194042
194309
194725
195062
195381
195764
196063
196408
196669
196918
197165
197417
197664
198001
198342
198675
198978
199262
199528
199771
200009
200252
200488
200936
201216
201489
201752
202008
202286
202560
202857
203141
203410
203682
