---
Mammal:            rabbit
Fs:                1000
Integration_level: electrocardiogram

Channels:

    - type:   peak
      name:   Data
      unit:   index
      enable: yes

---

181
405
627
849
1074
1297
1523
1751
1973
2195
2423
2649
2882
3114
3347
3576
3806
4035
4264
4495
4725
4955
5187
5419
5651
5884
6117
6350
6582
6814
7048
7281
7512
7744
7977
8210
8443
8676
8909
9142
9376
9611
9846
10081
10317
10553
10788
11024
11261
11496
11733
11970
12207
12444
12682
12920
13156
13394
13631
13868
14102
14339
14574
14808
15042
15276
15509
15743
15976
16209
16442
16674
16906
17138
17370
17602
17834
18066
18298
18531
18764
18997
19229
19462
19696
19930
20163
20398
20632
20865
21100
21335
21569
21803
22037
22271
22504
22736
22968
23202
23432
23662
23895
24127
24356
24589
24820
25051
25283
25514
25746
25977
26209
26440
26671
26902
27134
27365
27596
27829
28060
28293
28526
28759
28992
29225
29459
29693
29927
30162
30398
30633
30867
31101
31336
31570
31804
32038
32270
32503
32736
32968
33200
33432
33664
33896
34128
34360
34593
34826
35060
35292
35526
35758
35992
36224
36457
36690
36922
37155
37388
37620
37853
38087
38319
38552
38785
39020
39253
39486
39720
39956
40190
40427
40660
40895
41130
41364
41598
41833
42069
42305
42539
42776
43013
43250
43488
43724
43961
44196
44431
44666
44901
45134
45369
45603
45836
46070
46302
46534
46762
46998
47229
47460
47692
47925
48157
48388
48620
48852
49084
49317
49550
49783
50017
50250
50485
50720
50954
51191
51427
51662
51898
52134
52370
52606
52842
53078
53313
53548
53782
54017
54250
54484
54716
54948
55181
55414
55645
55878
56110
56342
56575
56808
57042
57275
57510
57746
57983
58221
58459
58698
58937
59176
59416
59656
59895
60135
60375
60614
60853
61093
61332
61571
61810
62049
62291
62530
62770
63009
63247
63487
63726
63964
64203
64442
64680
64919
65156
65394
65631
65868
66104
66341
66577
66814
67050
67287
67524
67763
68001
68239
68478
68717
68957
69196
69436
69674
69914
70152
70392
70630
70868
71106
71343
71581
71817
72053
72287
72517
72754
72988
73221
73454
73689
73923
74161
74399
74637
74877
75118
75358
75599
75840
76082
76322
76801
77041
77279
77517
77754
77990
78227
78464
78700
78936
79172
79409
79644
79881
80117
80354
80590
80825
81063
81300
81537
81774
82012
82249
82488
82726
82964
83201
83439
83676
83913
84150
84387
84623
84859
85095
85331
85566
85800
86035
86271
86505
86741
86977
87214
87449
87685
87921
88157
88394
88631
88868
89105
89343
89580
89818
90057
90296
90534
90773
91012
91251
91489
91727
91966
92204
92443
92683
92923
93164
93405
93645
93886
94126
94366
94603
94840
95078
95311
95548
95785
96019
96253
96483
96712
96936
97159
97383
97601
97819
98039
98257
98475
98691
98912
99138
99366
99592
99826
100050
100278
100501
100726
100945
101167
101387
101601
101817
102032
102248
102461
102670
102885
103097
103308
103516
103723
103941
104158
104377
104608
104833
105053
105278
105498
105722
105945
106170
106386
106605
106834
107062
107286
107511
107736
107963
108189
108419
108648
108879
109110
109343
109578
109811
110046
110281
110515
110750
110986
111221
111455
111691
111926
112160
112395
112630
112862
113095
113329
113560
113792
114024
114257
114488
114720
114952
115184
115415
115647
115878
116110
116343
116576
116810
117044
117279
117514
117749
117985
118221
118457
118692
118931
119165
119402
119639
119875
120111
120348
120584
120822
121059
121295
121533
121770
122007
122243
122481
122717
122953
123190
123426
123662
123898
124134
124370
124605
124841
125076
125311
125547
125783
126018
126254
126490
126727
126964
127201
127437
127673
127910
128146
128383
128623
128860
129099
129339
129578
129818
130057
130296
130535
130774
131012
131251
131490
131728
131966
132204
132442
132679
132917
133154
133392
133629
133868
134106
134344
134583
134821
135059
135297
135534
135772
136009
136244
136481
136717
136952
137188
137424
137661
137897
138136
138374
138611
138847
139083
139319
139554
139789
140024
140261
140496
140732
140966
141200
141432
141659
141879
142101
142319
142537
142760
142985
143209
143429
143649
143892
144126
144355
144586
144816
145049
145282
145516
145751
145987
146225
146462
146700
146938
147175
147411
147649
147886
148122
148358
148593
148830
149065
149301
149538
149773
150009
150248
150484
150720
150958
151194
151429
151664
151893
152132
152365
152598
152832
153065
153299
153535
153770
154005
154241
154477
154714
154952
155190
155428
155668
155908
156147
156385
156626
156865
157103
157343
157583
157821
158059
158297
158533
158770
159007
159244
159481
159718
159955
160192
160429
160666
160902
161139
161378
161616
161854
162094
162335
162576
162817
163059
163301
163542
163784
164026
164266
164507
164745
164986
165225
165463
165703
165940
166179
166416
166651
166887
167122
167356
167588
167820
168055
168288
168521
168754
168987
169220
169452
169687
169921
170156
170391
170626
170861
171097
171332
171566
171801
172036
172271
172506
172743
172979
173216
173453
173689
173927
174165
174401
174640
174876
175114
175351
175588
175824
176061
176298
176535
176771
177008
177246
177482
177721
177959
178196
178435
178672
178912
179149
179389
179627
179866
180104
180342
180581
180819
181058
181298
181538
181777
182017
182257
182496
182735
182974
183214
183454
183693
183934
184174
184417
184658
184902
185144
185388
185632
185876
186120
186364
186607
186848
187089
187330
187569
187807
188046
188284
188521
188760
188997
189234
189472
189710
189947
190184
190421
190658
190894
191131
191366
191602
191838
192074
192312
192550
192789
193027
193266
193506
193745
193983
194223
194463
194701
194940
195180
195420
195658
195896
196136
196375
196615
196853
197093
197332
197572
197813
198055
198295
198538
198780
199023
199266
199509
199753
199998
200241
200486
200730
200975
201220
201464
201709
201953
202196
202440
202684
202927
203172
203414
203658
203900
204141
204383
204625
204866
205107
205347
205586
205825
206065
206303
206542
206781
207019
207258
207496
207734
207972
208210
208447
208686
208923
209161
209398
209634
209870
210106
210343
210579
210815
211051
211290
211526
211763
212001
212238
212475
212711
212948
213183
213419
213653
213886
214120
214349
214584
214815
215047
215275
215507
215736
215968
216198
216430
216661
216893
217124
217358
217591
217825
218059
218293
218528
218761
218996
219231
219465
219700
219933
220167
220399
220633
220865
221099
221331
221564
221797
222029
222263
222497
222732
222968
223205
223442
223680
223917
224155
224394
224633
224872
225112
225351
225590
225829
226067
226307
226546
226786
227026
227265
227503
227741
227978
228215
228451
228687
228923
229159
229394
229630
229866
230101
230336
230572
230808
231046
231283
231521
231758
231996
232233
232473
232710
232949
233187
233426
233665
233903
234142
234381
234618
234856
235094
235330
235567
235806
236042
236280
236518
236757
236995
237233
237470
237707
237945
238184
238421
238658
238895
239132
239369
239605
239842
240079
240316
240554
240792
241031
241270
241508
241745
241983
242221
242459
242697
242935
243172
243410
243649
243887
244125
244363
244603
244843
245080
245319
245557
245796
246035
246274
246515
246754
246994
247232
247472
247712
247952
248192
248433
248674
248916
249156
249399
249640
249882
250123
250363
250604
250845
251085
251325
251565
251804
252043
252284
252523
252763
253003
253241
253480
253720
253959
254198
254438
254678
254916
255156
255396
255637
255877
256117
256358
256599
256841
257082
257323
257566
257808
258048
258292
258533
258775
259016
259257
259498
259739
259978
260218
260457
260695
260933
261170
261408
261645
261881
262116
262351
262586
262817
263053
263288
263523
263757
263992
264226
264460
264696
264930
265164
265398
265633
265868
266102
266337
266572
266808
267045
267280
267516
267755
267992
268229
268468
268705
268943
269181
269420
269658
269896
270131
270367
270602
270836
271071
271303
271538
271772
272004
272239
272472
272706
272941
273175
273410
273647
273884
274119
274357
274593
274831
275069
275307
275544
275782
276021
276260
276499
276738
276977
277216
277455
277694
277932
278171
278409
278646
278884
279121
279358
279595
279832
280069
280306
280543
280780
281017
281254
281491
281728
281965
282203
282439
282676
282912
283149
283385
283624
283862
284102
284342
284582
284821
285061
285302
285542
285783
286023
286264
286504
286744
286984
287224
287463
287703
287942
288181
288421
288660
288900
289141
289381
289620
289859
290097
290335
290572
290810
291046
291283
291522
291760
291998
292236
292473
292711
292949
293185
293424
293662
293899
294137
294374
294609
294845
295082
295317
295553
295788
296024
296259
296495
296732
296969
297206
297442
297679
297916
298153
298390
298627
298862
299100
299337
299573
299809
300046
300283
300520
300758
300997
301235
301474
301714
301954
302194
302433
302672
302910
303147
303384
303619
303855
304090
304324
304559
304793
305028
305261
305497
305731
305965
306199
306435
306670
306905
307140
307376
307613
307850
308088
308325
308564
308803
309043
309284
309523
309762
310002
310241
310481
310720
310960
311200
311439
311677
311916
312155
312392
312630
312867
313105
313342
313579
313817
314053
314291
314529
314768
315007
315247
315487
315727
315967
316205
316444
316684
316923
317163
317403
317643
317883
318123
318361
318600
318839
319077
319316
319554
319790
320026
320262
320497
320729
320963
321193
321424
321646
321867
322082
322295
322510
322722
322935
323146
323357
323566
323782
323998
324214
324452
324672
324895
325121
325353
325579
325805
326032
326261
326488
326717
326944
327172
327402
327630
327862
328093
328324
328554
328789
329017
329249
329479
329709
329940
330170
330399
330627
330859
331087
331319
331551
331785
332019
332255
332492
332730
332967
333207
333448
333689
333932
334175
334417
334663
334905
335148
335391
335633
335874
336116
336357
336598
336839
337079
337319
337559
337799
338037
338277
338515
338753
338990
339228
339465
339701
339938
340174
340410
340646
340883
341120
341357
341594
341828
342062
342297
342531
342765
342998
343231
343465
343698
343922
344145
344371
344587
344839
345080
345355
345617
345865
346108
346347
346584
346820
347059
347298
347539
347783
348021
348262
348506
348750
348998
349249
349503
349756
350008
350262
350516
350768
351023
351275
351525
351775
352024
352272
352520
352767
353012
353257
353502
353747
353991
354234
354478
354721
354965
355209
355450
355693
355936
356178
356420
356662
356905
357147
357388
357631
357873
358116
358357
358598
358840
359081
359323
359566
359808
360051
360293
360536
360777
361018
361258
361500
361738
361978
362218
362457
362694
362933
363172
363408
363646
363882
364118
364355
364594
364832
365069
365308
365546
365785
366024
366264
366504
366744
366986
367228
367467
367708
367948
368187
368426
368667
368907
369147
369387
369627
369868
370110
370352
370593
370835
371077
371319
371562
371804
372044
372286
372527
372767
373005
373243
373481
373719
373957
374194
374428
374665
374900
375133
375369
375602
375833
376069
376302
376536
376770
377004
377239
377474
377709
377945
378181
378417
378654
378890
379128
379364
379600
379838
380075
380310
380547
380783
381020
381256
381492
381728
381963
382199
382435
382668
382902
383137
383371
383602
383837
384071
384304
384538
384774
385009
385246
385484
385721
385958
386198
386438
386675
386916
387157
387398
387638
387879
388117
388357
388596
388836
389075
389313
389552
389790
390028
390266
390503
390742
390979
391217
391455
391691
391928
392164
392400
392634
392868
393095
393324
393551
393786
394011
394238
394468
394703
394941
395173
395403
395635
395867
396100
396333
396566
396800
397034
397268
397502
397736
397970
398204
398437
398670
398903
399136
399367
399599
399829
400055
400276
400492
400705
400920
401134
401348
401555
401762
401971
402184
402401
402620
402851
403089
403316
403545
403777
404010
404244
404481
404719
404957
405196
405435
405674
405913
406151
406391
406627
406866
407103
407339
407576
407813
408048
408284
408519
408753
408988
409225
409461
409698
409935
410171
410410
410648
410886
411124
411362
411602
411840
412079
412318
412559
412797
413037
413278
413519
413760
414001
414241
414483
414725
414967
415207
415447
415688
415928
416168
416409
416649
416889
417129
417370
417611
417851
418092
418332
418572
418811
419052
419292
419532
419772
420011
420252
420492
420731
420972
421211
421452
421691
421930
422169
422409
422647
422888
423129
423370
423610
423852
424091
424331
424571
424811
425051
425291
425530
425767
426007
426246
426484
426722
426958
427195
427433
427670
427908
428144
428382
428618
428855
429093
429331
429565
429803
430040
430275
430512
430750
430986
431222
431459
431695
431930
432167
432402
432639
432875
433111
433348
433584
433820
434058
434295
434530
434767
435002
435239
435475
435713
435949
436186
436422
436658
436892
437126
437361
437596
437829
438064
438297
438531
438765
439000
439234
439468
439702
439936
440171
440407
440641
440874
441109
441345
441581
441818
442055
442292
442530
442766
443002
443240
443475
443709
443944
444168
444392
444613
444832
445049
445269
445497
445715
445949
446182
446420
446649
446880
447111
447343
447578
447817
448054
448294
448537
448780
449023
449263
449508
449751
449993
450237
450479
450720
450962
451202
451444
451683
451922
452163
452401
452638
452877
453114
453350
453587
453823
454059
454296
454533
454769
455007
455244
455480
455716
455955
456193
456429
456668
456907
457146
457384
457623
457861
458101
458342
458581
458820
459061
459302
459543
459784
460026
460268
460511
460755
460999
461242
461487
461732
461974
462217
462460
462702
462944
463187
463428
463667
463909
464151
464392
464632
464873
465111
465351
465589
465827
466066
466305
466542
466780
467019
467257
467496
467735
467973
468211
468451
468691
468931
469170
469408
469646
469886
470125
470365
470603
470843
471082
471319
471556
471794
472032
472270
472508
472746
472986
473226
473466
473708
473949
474190
474429
474671
474910
475149
475390
475632
475871
476112
476351
476590
476828
477066
477301
477538
477767
477994
478216
478442
478670
478891
479127
479371
479601
479832
480064
480297
480530
480765
481001
481237
481476
481713
481951
482192
482432
482672
482914
483154
483394
483634
483875
484114
484353
484591
484827
485064
485299
485534
485770
486004
486237
486471
486704
486936
487169
487403
487636
487869
488103
488337
488572
488806
489040
489275
489511
489746
489981
490216
490451
490685
490921
491155
491388
491625
491861
492096
492330
492568
492804
493039
493276
493513
493750
493989
494228
494467
494706
494944
495181
495419
495655
495894
496132
496371
496609
496849
497088
497327
497567
497804
498044
498284
498525
498764
499003
499242
499480
499719
499956
500196
500433
500672
500909
501145
501383
501619
501853
502089
502324
502558
502790
503024
503258
503491
503724
503957
504189
504421
504654
504884
505116
505348
505579
505809
506039
506269
506499
506730
506960
507189
507419
507651
507881
508113
508344
508575
508807
509039
509270
509502
509734
509965
510198
510431
510664
510896
511130
511365
511598
511833
512069
512304
512540
512778
513015
513253
513492
513731
513969
514205
514445
514682
514920
515157
515396
515633
515867
516107
516345
516582
516818
517055
517290
517529
517765
518001
518238
518473
518706
518941
519173
519407
519641
519874
520108
520341
520575
520808
521041
521275
521509
521742
521975
522207
522440
522673
522905
523138
523371
523605
523839
524072
524305
524537
524767
524991
525212
525431
525663
525884
526110
526338
526560
526775
526998
527214
527429
527648
527866
528086
528313
528534
528769
528997
529224
529450
529675
529902
530129
530357
530586
530817
531045
531276
531508
531741
531972
532202
532435
532665
532895
533127
533358
533587
533816
534042
534273
534501
534729
534957
535185
535414
535644
535877
536111
536348
536585
536824
537064
537303
537541
537780
538017
538255
538492
538726
538959
539191
539423
539657
539888
540120
540343
540574
540811
541041
541271
541504
541737
541971
542204
542441
542678
542915
543153
543392
543629
543869
544109
544348
544588
544826
545061
545299
545536
545772
546009
546245
546481
546715
546949
547181
547407
547632
547850
548069
548292
548528
548768
548997
549227
549458
549690
549924
550159
550394
550630
550866
551106
551343
551581
551818
552057
552297
552533
552772
553007
553244
553481
553718
553951
554190
554424
554660
554894
555129
555363
555598
555831
556064
556297
556530
556762
556997
557229
557461
557695
557929
558162
558395
558631
558865
559098
559333
559567
559800
560033
560266
560501
560734
560968
561201
561433
561666
561900
562133
562367
562602
562835
563070
563304
563540
563776
564009
564244
564479
564714
564951
565187
565422
565658
565893
566128
566363
566597
566830
567064
567298
567532
567763
567997
568230
568463
568694
568927
569159
569392
569624
569855
570086
570320
570553
570785
571017
571248
571481
571713
571944
572175
572408
572641
572873
573105
573339
573571
573805
574037
574269
574502
574734
574967
575200
575432
575665
575898
576131
576364
576599
576833
577067
577300
577534
577767
577999
578231
578464
578695
578927
579159
579391
579623
579855
580089
580321
580555
580787
581021
581255
581490
581724
581959
582195
582432
582668
582905
583141
583378
583614
583850
584086
584322
584559
584794
585029
585267
585503
585739
585977
586212
586448
586686
586924
587162
587401
587639
587877
588115
588353
588590
588828
589065
589301
589536
589773
590009
590246
590482
590718
590956
591193
591430
591667
591903
592140
592378
592614
592852
593089
593325
593561
593798
594036
594272
594510
594748
594987
595224
595465
595702
595943
596184
596424
596665
596905
597145
597386
597625
597866
598104
598345
598585
598825
599064
599304
599541
599778
600013
600252
600488
600724
600960
601196
601431
601667
601903
602139
602374
602608
602845
603080
603315
603550
603786
604023
604258
604493
604728
604963
605197
605432
605664
605895
606123
606347
606584
606806
607030
607249
607470
607703
607933
608165
608400
608629
608858
609089
609320
609551
609786
610020
610256
610490
610726
610962
611199
611436
611672
611908
612145
612381
612617
612854
613088
613322
613556
613792
614024
614257
614491
614723
614957
615190
615423
615655
615888
616122
616357
616592
616826
617061
617297
617533
617770
618006
618241
618477
618713
618948
619185
619422
619659
619896
620134
620373
620609
620848
621085
621322
621559
621797
622034
622272
622509
622746
622983
623221
623457
623695
623932
624169
624407
624645
624883
625121
625362
625606
625850
626094
626340
626588
626837
627083
627330
627576
627822
628069
628312
628555
628797
629039
629278
629517
629755
629992
630230
630466
630703
630941
631178
631413
631649
631885
632120
632355
632589
632825
633060
633295
633532
633767
634002
634237
634472
634707
634942
635177
635411
635646
635882
636118
636355
636590
636827
637063
637302
637540
637776
638015
638252
638489
638726
638964
639201
639437
639673
639911
640148
640384
640621
640856
641090
641324
641557
641790
642022
642255
642487
642717
642948
643175
643398
643614
643834
644064
644292
644514
644745
644978
645209
645437
645665
645893
646121
646350
646579
646808
647038
647268
647500
647731
647960
648192
648422
648654
648886
649116
649349
649581
649814
650042
650275
650505
650735
650966
651196
651428
651657
651884
652117
652347
652579
652808
653039
653270
653503
653735
653967
654198
654432
654665
654899
655132
655368
655603
655838
656071
656308
656543
656776
657012
657247
657482
657716
657952
658188
658424
658662
658898
659135
659371
659608
659845
660081
660315
660551
660787
661022
661257
661493
661727
661963
662199
662434
662667
662902
663138
663372
663605
663840
664074
664309
664543
664777
665011
665246
665481
665717
665953
666190
666429
666667
666905
667142
667381
667618
667856
668093
668333
668570
668807
669045
669281
669518
669755
669991
670226
670462
670698
670933
671168
671403
671639
671875
672113
672350
672588
672827
673068
673308
673548
673789
674027
674266
674505
674742
674982
675218
675454
675690
675926
676161
676396
676630
676863
677096
677329
677562
677794
678028
678260
678494
678730
678966
679203
679440
679680
679916
680154
680392
680630
680866
681102
681339
681574
681809
682044
682279
682514
682749
682986
683224
683462
683703
683943
684183
684422
684662
684900
685139
685377
685615
685854
686093
686330
686569
686808
687044
687281
687517
687754
687990
688227
688462
688698
688934
689171
689409
689645
689885
690122
690365
690605
690844
691083
691324
691563
691804
692044
692282
692522
692760
692998
693236
693473
693710
693946
694183
694420
694656
694894
695131
695368
695605
695842
696080
696318
696556
696794
697032
697270
697508
697746
697983
698220
698457
698694
698931
699166
699405
699642
699879
700115
700352
700589
700825
701062
701298
701536
701774
702013
702251
702489
702727
702966
703203
703438
703674
703911
704148
704383
704617
704852
705085
705319
705553
705786
706018
706252
706485
706715
706950
707184
707418
707652
707886
708120
708356
708591
708825
709060
709296
709531
709767
710002
710239
710477
710713
710949
711186
711423
711660
711897
712133
712371
712607
712843
713078
713315
713551
713788
714025
714263
714500
714738
714977
715214
715452
715691
715930
716169
716406
716645
716882
717119
717355
717591
717825
718060
718292
718517
718743
718968
719183
719401
719618
719845
720064
720278
720494
720722
720952
721172
721393
721615
721848
722072
722293
722519
722737
722956
723174
723417
723641
723865
724089
724315
724539
724763
724987
725209
725433
725656
725878
726099
726323
726543
726768
726990
727213
727437
727662
727886
728113
728339
728567
728795
729024
729253
729483
729712
729940
730171
730401
730631
730861
731091
731320
731548
731778
732006
732236
732466
732695
732927
733158
733388
733620
733852
734084
734313
734546
734778
735009
735242
735476
735710
735943
736176
736409
736643
736876
737111
737345
737579
737814
738047
738281
738515
738750
738984
739218
739453
739688
739922
740158
740393
740626
740862
741096
741330
741563
741795
742027
742256
742481
742705
742931
743153
743374
743596
743822
744047
744273
744498
744724
744944
745170
745399
745633
745863
746092
746320
746548
746776
747006
747236
747469
747699
747932
748163
748394
748627
748856
749082
749304
749528
749750
749969
750194
750424
750653
750887
751122
751353
751584
751816
752047
752278
752510
752740
752972
753202
753428
753652
753887
754115
754339
754564
754785
755006
755227
755455
755676
755901
756127
756358
756595
756823
757053
757281
757514
757741
757974
758204
758439
758671
758901
759135
759366
759597
759829
760057
760286
760518
760748
760979
761210
761440
761671
761901
762133
762364
762595
762826
763056
763289
763519
763750
763980
764209
764438
764668
764897
765126
765353
765582
765811
766040
766270
766498
766730
766958
767188
767420
767650
767881
768111
768344
768574
768807
769037
769269
769501
769731
769963
770196
770427
770659
770892
771126
771360
771598
771836
772072
772310
772548
772786
773022
773257
773492
773727
773961
774192
774424
774650
774883
775112
775342
775569
775808
776036
776268
776499
776730
776962
777193
777425
777654
777887
778119
778347
778579
778809
779038
779267
779492
779720
779951
780180
780405
780627
780852
781089
781316
781545
781772
782002
782230
782460
782692
782925
783157
783392
783625
783860
784093
784327
784560
784792
785023
785256
785488
785719
785946
786169
786396
786629
786853
787091
787323
787554
787786
788017
788250
788485
788721
788956
789193
789429
789668
789906
790144
790382
790621
790860
791099
791339
791577
791815
792054
792292
792530
792767
793003
793241
793476
793711
793947
794181
794415
794647
794879
795106
795331
795553
795783
796007
796228
796453
796691
796925
797158
797390
797622
797853
798085
798318
798551
798785
799017
799252
799485
799718
799952
800185
800419
800654
800887
801121
801354
801588
801820
802049
802283
802512
802743
802969
803196
803424
803649
803870
804100
804326
804555
804795
805024
805254
805483
805714
805944
806178
806412
806647
806883
807120
807359
807595
807834
808071
808310
808548
808787
809026
809264
809502
809740
809978
810214
810451
810687
810923
811158
811394
811631
811867
812103
812342
812579
812817
813056
813294
813533
813771
814009
814249
814487
814727
814965
815202
815438
815674
815910
816145
816379
816613
816846
817074
817300
817532
817762
817985
818211
818440
818662
818891
819115
819339
819558
819779
820011
820236
820455
820680
820909
821131
821364
821586
821816
822041
822264
822490
822726
822951
823179
823404
823630
823858
824088
824317
824545
824776
825007
825241
825472
825704
825938
826172
826406
826641
826875
827110
827344
827580
827815
828050
828286
828523
828758
828997
829233
829472
829711
829950
830187
830427
830665
830901
831138
831375
831613
831849
832086
832324
832560
832797
833034
833271
833505
833740
833975
834208
834442
834676
834909
835143
835376
835609
835843
836075
836309
836545
836780
837014
837250
837486
837720
837956
838192
838426
838659
838888
839105
839322
839539
839750
839963
840175
840388
840604
840819
841033
841259
841472
841689
841909
842139
842361
842590
842809
843033
843254
843476
843698
843926
844152
844378
844601
844826
845055
845281
845508
845738
845969
846201
846431
846665
846900
847133
847367
847604
847841
848078
848314
848552
848790
849027
849265
849502
849738
849976
850213
850449
850686
850923
851161
851395
851633
851870
852105
852341
852577
852812
853050
853288
853528
853766
854005
854245
854485
854723
854961
855201
855437
855673
855909
856145
856380
856617
856853
857089
857326
857564
857800
858036
858275
858512
858749
858987
859225
859461
859699
859939
860177
860418
860656
860895
861133
861373
861611
861847
862086
862324
862562
862800
863038
863274
863515
863753
863990
864229
864467
864706
864944
865182
865420
865660
865897
866137
866377
866616
866856
867097
867335
867575
867815
868054
868294
868534
868772
869009
869244
869482
869717
869951
870188
870424
870661
870897
871135
871372
871608
871847
872085
872323
872563
872802
873044
873281
873522
873763
873999
874239
874478
874713
874949
875186
875420
875655
875887
876122
876354
876586
876820
877052
877284
877517
877748
877980
878212
878445
878675
878907
879140
879370
879601
879834
880065
880295
880529
880764
880998
881230
881463
881699
881932
882165
882397
882630
882864
883096
883330
883563
883797
884030
884265
884498
884733
884968
885201
885438
885673
885910
886147
886383
886622
886859
887096
887333
887569
887806
888041
888277
888513
888749
888984
889220
889457
889691
889927
890164
890398
890635
890869
891105
891337
891575
891810
892044
892279
892514
892749
892984
893221
893456
893691
893929
894164
894400
894636
894873
895110
895345
895582
895819
896056
896294
896531
896767
897005
897242
897477
897714
897949
898184
898418
898654
898889
899124
899360
899595
899830
900067
900302
900538
900773
901008
901242
901477
901710
901943
902181
902414
902646
902879
903110
903341
903573
903804
904036
904271
904504
904738
904971
905205
905437
905673
905907
906141
906375
906607
906842
907076
907308
907541
907775
908009
908241
908475
908709
908942
909176
909410
909646
909878
910112
910346
910579
910813
911046
911280
911513
911745
911978
912211
912443
912674
912906
913137
913367
913597
913829
914058
914289
914521
914753
914985
915215
915450
915682
915915
916149
916384
916617
916850
917083
917315
917548
917780
918010
918242
918473
918704
918933
919162
919388
919607
919823
920040
920261
920480
920701
920936
921167
921392
921610
921830
922046
922261
922473
922685
