---
Mammal:            rabbit
Fs:                1000
Integration_level: electrocardiogram

Channels:

    - type:   peak
      name:   Data
      unit:   index
      enable: yes

---

158
438
731
1026
1342
1645
1943
2237
2538
2829
3111
3390
3673
3955
4243
4527
4808
5098
5394
5676
5955
6247
6541
6828
7111
7395
7682
7971
8256
8539
8824
9106
9380
9655
9928
10202
10477
10750
11030
11322
11602
11876
12160
12441
12725
13004
13288
13567
13846
14121
14392
14663
14938
15212
15483
15753
16033
16315
16595
16873
17153
17436
17720
17999
18275
18562
18851
19132
19411
19697
19980
20264
20546
20827
21108
21389
21670
21949
22232
22519
22799
23076
23356
23636
23916
24192
24466
24737
25008
25284
25555
25830
26108
26383
26663
26944
27223
27501
27790
28071
28353
28630
28910
29191
29472
29746
30022
30302
30581
30856
31130
31406
31684
31960
32234
32513
32791
33069
33346
33624
33903
34185
34464
34745
35026
35308
35585
35861
36138
36417
36694
36967
37245
37521
37799
38073
38353
38631
38907
39180
39457
39732
40010
40288
40564
40845
41124
41402
41681
41956
42233
42509
42784
43054
43330
43601
43873
44149
44426
44700
44978
45258
45535
45813
46093
46370
46646
46920
47196
47472
47745
48024
48308
48587
48865
49140
49418
49697
49977
50253
50532
50811
51089
51366
51639
51917
52195
52472
52745
53020
53300
53577
53852
54128
54406
54687
54967
55241
55518
55798
56072
56343
56617
56894
57171
57444
57720
57997
58273
58550
58829
59105
59380
59656
59933
60231
60846
61204
61528
61830
62127
62419
62705
62990
63275
63561
63842
64122
64402
64682
64960
65236
65515
65795
66075
66352
66630
66912
67202
67488
67775
68061
68354
68638
68925
69209
69495
69790
70078
70357
70644
70930
71214
71495
71776
72068
72357
72640
72923
73209
73494
73779
74061
74344
74623
74901
75177
75456
75735
76012
76291
76564
76850
77136
77421
77703
77983
78266
78549
78830
79110
79391
79674
79954
80232
80513
80792
81072
81350
81624
81900
82176
82457
82738
83021
83302
83590
83874
84152
84433
84712
84993
85268
85550
85830
86109
86389
86670
86958
87243
87524
87805
88080
88358
88639
88915
89192
89480
89762
90044
90323
90605
90883
91160
91437
91709
91984
92255
92530
92808
93089
93367
93649
93931
94215
94501
94787
95065
95347
95622
95903
96185
96465
96746
97029
97312
97593
97873
98157
98445
98728
99013
99293
99578
99863
100150
100432
100715
100998
101280
101560
101840
102122
102406
102691
102972
103256
103539
103821
104103
104388
104670
104949
105227
105506
105783
106064
106344
106621
106899
107180
107463
107749
108030
108308
108592
108879
109162
109443
109723
110004
110285
110566
110847
111131
111414
111694
111974
112255
112540
112826
113108
113389
113676
113962
114247
114530
114812
115095
115373
115651
115924
116202
116485
116764
117052
117336
117627
117916
118197
118482
118766
119050
119336
119622
119906
120191
120477
120768
121053
121335
121620
121909
122200
122484
122774
123059
123342
123623
123908
124197
124480
124764
125046
125327
125615
125896
126176
126454
126736
127016
127295
127574
127852
128133
128411
128690
128969
129248
129536
129819
130104
130381
130656
130936
131215
131493
131773
132055
132336
132623
132907
133192
133483
133768
134057
134342
134623
134910
135198
135487
135772
136055
136339
136622
136902
137184
137471
137757
138042
138320
138605
138885
139166
139446
139730
140013
140295
140581
140863
141144
141432
141719
142000
142278
142558
142843
143127
143409
143690
143973
144257
144536
144819
145097
145384
145671
145954
146241
146525
146809
147094
147377
147656
147936
148218
148502
148782
149063
149347
149632
149917
150202
150486
150771
151058
151343
151627
151908
152187
152468
152751
153030
153309
153588
153867
154149
154428
154711
154995
155282
155569
155854
156136
156418
156701
156979
157260
157540
157820
158102
158385
158670
158957
159242
159525
159807
160089
160377
160663
160950
161236
161526
161816
162110
162399
162687
162977
163263
163550
163834
164120
164406
164690
164970
165252
165535
165821
166106
166392
166679
166963
167247
167530
167814
168100
168387
168678
168965
169250
169533
169821
170105
170390
170670
170955
171242
171525
171806
172087
172370
172651
172930
173208
173484
174675
174966
175246
175518
175782
176034
176287
176525
176763
176999
177233
177923
178153
178386
178624
178865
179111
179360
179625
179926
180252
180562
180840
181118
181419
181735
182057
182366
182661
182965
183296
183609
183917
184230
184551
184867
185180
185504
185828
186137
186440
186744
187046
187346
187644
187939
188236
188523
188810
189098
189386
189670
189955
190243
190533
190813
191094
191373
191656
191931
192204
192482
192758
193034
193310
193588
193862
194144
194419
194694
194969
195248
195519
195793
196073
196345
196617
196894
197173
197445
197723
198001
198284
198565
198839
199111
199394
199678
199961
200235
200510
200789
201068
201349
201628
201907
202189
202468
202745
203020
203300
203577
203853
204122
204393
204670
204944
205219
205491
205769
206050
206329
206607
206881
207161
207446
207727
208005
208285
208568
208847
209126
209403
209683
209964
210243
210519
210793
211080
211360
211640
211910
212187
212466
212750
213030
213305
213585
213869
214149
214429
214706
214990
215270
215552
215836
216123
216408
216685
216965
217243
217532
217815
218094
218376
218659
218937
219215
219496
219777
220060
220335
220615
220893
221173
221458
221737
222016
222293
222572
222848
223121
223396
223671
223950
224224
224496
224772
225046
225329
225603
225880
226158
226436
226722
226992
227272
227547
227825
228104
228380
228659
228939
229217
229490
229769
230048
230329
230606
230882
231165
231445
231720
232000
232275
232554
232833
233116
233394
233675
233954
234238
234515
234794
235078
235361
235643
235923
236203
236480
236758
237032
237308
237583
237859
238133
238410
238690
238981
239257
239538
239821
240102
240387
240671
240955
241241
241529
241820
242109
242407
242696
242987
243275
243563
243848
244135
244421
244982
245267
245550
245835
246116
246394
246677
246960
247245
247525
247806
248088
248369
248650
248935
249225
249522
249812
250097
250388
250676
250964
251250
251534
251817
252100
252376
252650
252928
253212
253489
253775
254058
254336
254619
254901
255180
255456
255733
256010
256284
256558
256834
257112
257386
257665
257939
258214
258494
258774
259060
259339
259618
259898
260185
260473
260757
261048
261331
261613
261891
262172
262453
262736
263019
263295
263575
263860
264146
264426
264705
264983
265263
265546
265827
266111
266398
266690
266975
267259
267547
267839
268135
268419
268702
268986
269280
269561
269842
270126
270419
270706
270995
271279
271564
271849
272128
272413
272695
272978
273264
273542
273821
274104
274384
274662
274939
275219
275505
275785
276067
276353
276639
276927
277214
277509
277802
278103
278388
278674
278964
279257
279546
279833
280125
280414
280703
280987
281269
281551
281843
282129
282410
282697
282982
283267
283546
283828
284115
284400
284684
284966
285247
285529
285815
286102
286382
286661
286936
287213
287487
287763
288044
288323
288604
288889
289174
289459
289738
290016
290291
290569
290847
291124
291400
291679
291957
292234
292511
292785
293063
293344
293624
293904
294184
294471
294765
295054
295343
295631
295923
296207
296487
296769
297053
297337
297617
297892
298174
298458
298749
299029
299312
299597
300167
300456
300742
301036
301321
301607
301889
302168
302455
302739
303024
303305
303587
303870
304155
304436
304721
305003
305289
305575
305860
306145
306430
306723
307009
307291
307575
307856
308138
308413
308689
308965
309246
309523
309804
310082
310361
310634
310902
311172
311446
311731
312007
312291
312570
312854
313140
313428
313715
314012
314303
314591
314877
315167
315454
315735
316013
316295
316572
316853
317129
317408
317687
317970
318241
318518
318794
319070
319346
319616
319886
320163
320442
320720
321006
321285
321571
321851
322131
322413
322700
322986
323273
323556
323836
324127
324413
324699
324979
325258
325544
325831
326113
326396
326679
326965
327250
327528
327814
328094
328382
328662
328947
329237
329523
329815
330099
330386
330669
330952
331237
331526
331811
332093
332372
332653
332937
333218
333501
333795
334081
334364
334643
334927
335211
335494
335769
336046
336331
336613
336898
337177
337463
337746
338027
338304
338588
338873
339154
