---
Mammal:            rabbit
Fs:                1000
Integration_level: electrocardiogram

Channels:

    - type:   peak
      name:   Data
      unit:   index
      enable: yes

---

4
270
533
797
1064
1330
1593
1856
2119
2381
2646
2911
3175
3443
3709
3978
4245
4511
4779
5045
5309
5572
5831
6090
6350
6610
6871
7131
7399
7670
7940
8209
8477
8750
9023
9296
9568
9841
10114
10387
10657
10923
11193
11463
11734
12005
12278
12551
12825
13101
13376
13651
13927
14204
14481
14756
15033
15311
15590
15868
16142
16420
16698
16974
17243
17509
17773
18039
18306
18574
18841
19107
19381
19658
19928
20203
20478
20756
21033
21308
21587
21867
22147
22427
22706
22988
23269
23550
23828
24106
24384
24661
24938
25211
25483
25750
26014
26272
26525
26776
27026
27273
27523
27773
28024
28278
28534
28796
29059
29330
29605
29881
30156
30430
30710
30990
31269
31547
31825
32104
32384
32663
32941
33217
33495
33767
34035
34296
34554
34809
35066
35327
35589
35863
36138
36417
36693
36969
37249
37530
37809
38085
38356
38622
38886
39147
39399
39643
39882
40116
40349
40577
40802
41028
41261
41504
41753
42005
42255
42512
42772
43041
43310
43578
43846
44117
44389
44661
44933
45205
45476
45751
46027
46303
46580
46855
47131
47410
47690
47971
48251
48530
48809
49091
49373
49653
49932
50208
50480
50748
51018
51289
51559
51829
52100
52373
52646
52920
53196
53478
53768
54052
54339
54628
54913
55199
55489
55777
56064
56350
56634
56919
57204
57490
57774
58058
58341
58626
58912
59197
59481
59763
60048
60333
60620
60906
61190
61475
61760
62048
62333
62619
62902
63185
63469
63753
64037
64320
64603
64888
65175
65462
65750
66037
66321
66607
66896
67184
67474
67761
68047
68336
68626
68912
69197
69474
69749
70025
70304
70585
70866
71145
71422
71703
71980
72254
72529
72801
73075
73350
73623
73895
74166
74439
74710
74979
75247
75514
75782
76054
76327
76602
76882
77160
77440
77716
77997
78276
78553
78829
79103
79378
79653
79927
80205
80484
80766
81047
81333
81617
81904
82185
82461
82743
83022
83303
83582
83862
84144
84428
84717
85001
85287
85571
85854
86137
86424
86709
86991
87271
87554
87835
88121
88403
88685
88968
89248
89531
89817
90104
90390
90673
90958
91243
91528
91809
92088
92366
92644
92928
93210
93489
93769
94048
94321
94593
94862
95132
95400
95667
95936
96206
96482
96756
97032
97309
97587
97864
98138
98409
98682
98952
99222
99493
99760
100030
100299
100565
100833
101101
101370
101640
101908
102174
102435
102691
102940
103183
103428
103685
103971
104251
104528
104808
105090
105377
105665
105953
106243
106534
106827
107120
107415
107713
108009
108308
108607
108906
109208
109510
109812
110108
110403
110702
111001
111297
111592
111886
112173
112462
112749
113040
113332
113621
113904
114194
114486
114780
115074
115370
115661
115956
116248
116537
116831
117118
117410
117708
118006
118300
118592
118878
119162
119448
119732
120017
120299
120577
120856
121142
121431
121725
122017
122309
122601
122900
123195
123492
123788
124078
124368
124660
124953
125243
125529
125810
126095
126378
126663
126950
127238
127525
127811
128094
128373
128652
128927
129202
129477
129757
130039
130322
130606
130890
131175
131459
131744
132028
132309
132589
132873
133160
133445
133726
134005
134284
134560
134833
135107
135380
135650
135921
136197
136475
136757
137036
137316
137592
137871
138147
138428
138709
138994
139276
139569
139859
140150
140438
140720
141004
141291
141583
141877
142168
142457
142747
143038
143331
143623
143916
144200
144485
144770
145054
145339
145622
145906
146188
146472
146759
147042
147326
147607
147887
148169
148451
148733
149013
149293
149574
149857
150143
150429
150716
150999
151289
151580
151873
152162
152450
152735
153023
153313
153608
153902
154204
154493
154786
155080
155378
155675
155970
156260
156548
156840
157130
157416
157697
157980
158263
158550
158833
159119
159403
159691
159978
160268
160555
160839
161123
161405
161688
161967
162243
162517
162792
163068
163347
163630
163916
164198
164482
164766
165051
165338
165619
165900
166182
166466
166749
167031
167312
167595
167883
168174
168464
168755
169039
169322
169610
169897
170181
170466
170746
171025
171311
171599
171898
172195
172489
172779
173080
173379
173677
173975
174268
174564
174859
175152
175439
175720
175998
176274
176555
176836
177120
177402
177679
177959
178237
178516
178800
179082
179362
179643
179925
180213
180503
180789
181074
181361
181650
181936
182220
182504
182787
183076
183364
183659
183951
184237
184521
184811
185099
185387
185676
185958
186246
186536
186829
187121
187417
187708
187995
188284
188577
188873
189166
189454
189741
190032
190318
190603
190883
191160
191437
191712
191992
192271
192552
192829
193107
193386
193666
193947
194230
194509
194791
195072
195353
195633
195910
196186
196462
196742
197023
197307
197590
197873
198157
198442
198727
199008
199288
199566
199846
200125
200405
200686
200966
201245
201529
201814
202095
202381
202663
202944
203227
203510
203788
204067
204343
204621
204902
205183
205473
205761
206052
206343
206634
206924
207216
207504
207788
208071
208361
208651
208936
209222
209502
209783
210067
210360
210650
210940
211230
211518
211810
212102
212395
212684
212968
213258
213543
213826
214110
214392
214672
214962
215252
215545
215841
216129
216413
216697
216978
217257
217534
217807
218079
218349
218623
218894
219163
219432
219699
219964
220228
220492
220755
221017
221281
221544
221814
222083
222356
222625
222897
223169
223440
223713
223983
224254
224524
224796
225071
225347
225620
225894
226174
226458
226746
227031
227315
227597
227879
228162
228443
228723
228999
229278
229561
229848
230137
230428
230715
230997
231279
231560
231839
232121
232401
232685
232971
233262
233553
233841
234126
234411
234700
234996
235293
235587
235877
236164
236449
236731
237012
237293
237572
237858
238145
238432
238717
239007
239291
239576
239863
240151
240441
240735
241021
241304
241587
241871
242157
242442
242725
243009
243302
243606
243903
244202
244498
244796
245099
245400
245701
245998
246293
246583
246872
247169
247467
247763
248059
248354
248647
248936
249222
249506
249791
250077
250361
250642
250922
251196
251472
251744
252020
252299
252585
252867
253151
253437
253722
254008
254291
254575
254857
255139
255422
255705
255990
256272
256554
256841
257126
257412
257695
257974
258249
258520
258787
259048
259300
259546
259792
260041
260302
260577
260861
261146
261438
261730
262024
262316
262606
262901
263196
263490
263783
264071
264361
264653
264938
265225
265511
265797
266086
266375
266665
266956
267246
267535
267829
268123
268416
268709
268999
269289
269580
269865
270149
270427
270705
270983
271262
271541
271819
272092
272360
272628
272897
273167
273440
273715
273991
274267
274544
274821
275100
275379
275657
275932
276204
276476
276750
277024
277296
277569
277842
278118
278403
278691
278981
279269
279557
279843
280128
280412
280696
280976
281257
281533
281810
282082
282352
282623
282892
283166
283446
283726
284011
284293
284574
284851
285127
285402
285679
285952
286230
286507
286786
287063
287338
287611
287877
288140
288399
288653
288900
289142
289380
289622
289866
290113
290360
290611
290868
291128
291396
291669
291943
292222
292510
292795
293081
