---
Mammal:            dog
Fs:                500
Integration_level: electrocardiogram

Channels:

    - type:   peak
      name:   Data
      unit:   index
      enable: yes

---

200
400
597
796
1014
1232
1441
1640
1830
2021
2272
2492
2711
2918
3116
3314
3539
3773
3988
4198
4395
4591
4844
5054
5262
5457
5645
5831
6012
6194
6413
6644
6853
7058
7249
7440
7635
7851
8058
8258
8457
8707
8931
9150
9355
9554
9783
9992
10199
10398
10591
10782
10966
11150
11370
11603
11819
12031
12232
12445
12684
12891
13102
13301
13514
13728
13932
14133
14334
14538
14736
14944
15155
15367
15578
15799
16027
16244
16477
16695
16913
17119
17319
17512
17700
17882
18066
18247
18432
18610
18791
18967
19143
19315
19489
19665
19845
20025
20204
20387
20567
20758
20948
21142
21341
21542
21789
22010
22233
22445
22683
22898
23117
23331
23537
23772
24022
24254
24481
24713
25019
25247
25522
25775
26005
26250
26473
26703
26922
27147
27406
27646
27883
28135
28364
28617
28841
29078
29301
29524
29748
29956
30157
30358
30557
30756
30952
31149
31341
31533
31726
31912
32096
32278
32470
32661
32852
33045
33244
33448
33657
33862
34070
34287
34490
34691
34886
35117
35318
35528
35733
35942
36146
36348
36559
36767
36981
37218
37439
37731
37989
38239
38472
38691
38909
39128
39343
39567
39789
40018
40242
40467
40685
40898
41110
41334
41560
41793
42023
42243
42454
42655
42851
43077
43300
43540
43772
44004
44230
44446
44654
44853
45078
45295
45510
45726
45962
46186
46413
46640
46925
47160
47386
47603
47808
48002
48199
48413
48664
48879
49115
49336
49586
49821
50040
50255
50476
50699
50911
51136
51351
51570
51786
53060
53262
53473
53674
53884
54087
54292
54495
54706
54910
55109
55311
55537
55781
55998
56213
56428
56660
56877
57096
57320
57572
57794
58019
58295
58645
58881
59105
59346
59615
59880
60112
60334
60569
60842
61086
61317
61546
61789
62091
62330
62554
62784
63023
63298
63526
63747
63967
64178
64388
64596
64808
65025
65232
65472
65745
66068
66309
66543
66761
66982
67237
67503
67725
67948
68153
68364
68607
68930
69147
69418
69636
69845
70061
70332
70613
70929
71160
71379
71588
71814
72093
72395
72633
72855
73061
73300
73562
73917
74146
74383
74594
74794
75016
75306
75635
75861
76099
76318
76529
76736
76943
77164
77454
77749
78050
78283
78491
78685
78879
79084
79306
79510
79713
79902
80100
80334
80594
80838
81062
81274
81474
81700
81953
82196
82420
82634
82841
83065
83302
83574
83789
84003
84202
84420
84661
84979
85209
85419
85614
85818
86033
86246
86454
86650
86850
87079
87383
87557
87791
87988
88205
88445
88719
88937
89150
89346
89544
89751
89950
90141
90329
90518
90737
90933
93646
93941
94132
94347
94542
94776
95031
95274
95610
95846
96062
96260
96474
96725
97031
97244
97471
97689
98002
98328
98515
98748
98953
99171
99480
99717
99975
100187
100398
100603
100831
101078
101317
101561
101802
102036
102268
102753
103022
103268
103530
103756
103979
104186
104383
104571
104763
104946
105131
105331
105527
105717
105900
106080
106254
106429
106605
106781
106958
107140
107332
107528
107727
107934
108140
108350
108550
108768
108977
109195
109412
110363
110605
110847
111085
111797
112075
112298
112551
112817
113041
113475
113718
114134
114330
114526
114717
114918
115146
115600
115814
116036
116268
116506
116760
116998
117230
117451
117672
117892
118098
118302
118517
118724
118934
119147
119362
119565
119760
119949
120132
120316
120508
120708
120918
121132
121342
121560
121775
121992
122212
122423
122634
122846
123056
123276
123483
123704
123940
124161
124376
124586
124793
124993
125189
125382
125573
125770
126009
126247
126490
126723
126962
127180
127390
127592
127797
128016
128249
128547
128813
129070
129308
129538
129762
129969
130166
130362
130565
130766
130962
131162
131354
131546
131735
131936
132127
132319
132505
132692
132896
133113
133321
133545
133761
133984
134211
134448
134716
134951
135198
135429
135658
135870
136089
136302
136520
136751
136979
137205
137422
137636
137846
138050
138255
138472
138685
138903
139137
139356
139578
139800
140013
140223
140421
140613
140805
141006
141231
141449
141671
141913
142166
142405
142655
142901
143188
143442
143683
143908
144118
144312
144499
144680
144869
145067
145281
145483
145692
145895
146087
146275
146463
146681
146890
147114
147332
147540
147748
147945
148137
148334
148524
148721
148910
149136
149358
149601
149843
150090
150327
150556
150775
150978
151172
151365
151560
151756
151954
152179
152426
152663
152895
153132
153359
153588
153812
154045
154263
154493
154729
154966
155213
155449
155667
155874
156071
156262
156454
156650
156863
157083
157365
157565
157829
158053
158278
158483
158678
158882
159082
159289
159504
159718
159929
160159
160379
160607
160839
161060
161291
161527
161790
162047
162310
162596
162862
163109
163353
163595
163833
164080
164320
164548
164774
165006
165239
165466
165685
165906
166131
166365
166586
166813
167029
167256
167511
167731
167958
168198
168460
168704
168949
169183
169412
169644
169882
170208
170518
170809
171079
171372
171652
171972
172215
172520
172775
173009
173269
173587
173860
174097
174407
174703
174965
175205
175471
175771
176049
176287
176538
176778
177014
177244
177463
177682
177918
178176
178424
178698
178929
179162
179403
179628
179853
180070
180279
180478
180671
180859
181045
181229
181422
181619
181818
182012
182204
182406
182601
182800
182997
183200
183408
183619
183834
184057
184282
184512
184737
184973
185213
185454
185699
185948
186188
186435
186669
186898
187127
187365
187607
187897
188172
188452
188717
188997
189240
189477
189706
189935
190158
190392
190625
190850
191148
191394
191655
191892
192126
192346
192606
192878
193120
193379
193628
193861
194090
194318
194543
194787
195028
195276
195516
