---
Mammal:            rabbit
Fs:                1000
Integration_level: electrocardiogram

Channels:

    - type:   peak
      name:   Data
      unit:   index
      enable: yes

---

98
303
508
713
917
1122
1326
1531
1736
1945
2149
2359
2567
2777
2985
3194
3398
3610
3818
4026
4232
4437
4642
4846
5051
5257
5461
5663
5865
6070
6274
6478
6681
6882
7084
7287
7493
7697
7902
8104
8304
8504
8708
8912
9116
9321
9523
9726
9929
10135
10341
10546
10748
10951
11153
11359
11564
11768
11973
12175
12378
12584
12791
12998
13202
13404
13607
13810
14015
14220
14424
14627
14828
15031
15236
15443
15647
15851
16056
16260
16464
16670
16877
17083
17288
17493
17696
17899
18102
18308
18515
18724
18933
19144
19358
19579
19810
20034
20260
20478
20695
20910
21127
21345
21564
21785
22002
22222
22443
22670
22894
23116
23336
23554
23771
23990
24209
24427
24643
24858
25071
25288
25505
25724
25937
26150
26362
26576
26789
27003
27219
27430
27639
27847
28057
28265
28473
28679
28885
29091
29297
29508
29720
29933
30143
30352
30560
30767
30976
31188
31400
31612
31822
32028
32235
32441
32651
32861
33073
33286
33497
33706
33918
34130
34348
34564
34785
35004
35225
35447
35675
35901
36131
36359
36584
36810
37040
37270
37497
37725
37951
38173
38397
38623
38851
39078
39304
39528
39756
39982
40207
40431
40653
40873
41091
41313
41535
41759
41982
42205
42422
42640
42859
43079
43302
43523
43742
43957
44171
44390
44610
44829
45045
45260
45475
45689
45907
46126
46347
46572
46792
47015
47238
47460
47683
47903
48123
48343
48565
48788
49009
49231
49452
49678
49902
50128
50351
50576
50795
51015
51238
51460
51687
51912
52133
52355
52578
52802
53026
53250
53477
53701
53922
54148
54371
54596
54824
55051
55284
55524
55765
56002
56236
56469
56696
56921
57148
57373
57602
57829
58051
58272
58492
58716
58940
59164
59384
59600
59817
60032
60251
60471
60693
60913
61130
61346
61563
61781
61998
62214
62428
62640
62857
63074
63294
63514
63735
63956
64176
64396
64618
64840
65057
65274
65490
65711
65931
66153
66374
66593
66809
67028
67247
67469
67692
67912
68134
68355
68577
68802
69027
69251
69475
69701
69928
70154
70381
70610
70841
71070
71299
71533
71761
71989
72216
72441
72662
72880
73100
73322
73545
73772
73993
74213
74432
74653
74875
75097
75318
75537
75751
75963
76176
76391
76608
76825
77040
77253
77465
77678
77893
78109
78327
78543
78756
78972
79189
79409
79631
79852
80072
80290
80507
80729
80951
81173
81391
81607
81821
82037
82255
82473
82690
82906
83118
83332
83548
83764
83979
84191
84402
84611
84823
85034
85245
85455
85665
85873
86086
86304
86522
86742
86965
87185
87403
87626
87848
88071
88295
88517
88735
88953
89173
89396
89617
89838
90056
90272
90490
90706
90924
91145
91368
91590
91814
92032
92251
92466
92684
92901
93114
93326
93536
93745
93956
94168
94380
94597
94808
95018
95229
95442
95656
95869
96084
96296
96507
96717
96931
97147
97364
97582
97800
98015
98229
98447
98669
98888
99108
99328
99543
99758
99972
100190
100407
100625
100842
101058
101271
101486
101705
101926
102150
102373
102593
102811
103034
103257
103484
103709
103933
104152
104371
104594
104814
105038
105257
105476
105694
105915
106140
106365
106590
106813
107030
107248
107466
107687
107911
108135
108359
108582
108805
109030
109258
109485
109711
109933
110154
110377
110603
110826
111053
111274
111490
111712
111933
112160
112386
112614
112840
113065
113289
113515
113741
113966
114191
114414
114636
114863
115089
115318
115546
115773
115999
116227
116458
116686
116916
117145
117371
117599
117826
118054
118281
118507
118738
118967
119194
119420
119646
119871
120097
120324
120550
120778
121007
121233
121467
121699
121931
122163
122390
122614
122834
123053
123271
123495
123718
123943
124168
124390
124610
124829
125049
125271
125491
125713
125932
126151
126372
126594
126821
127048
127274
127496
127720
127943
128164
128389
128609
128831
129051
129269
129492
129714
129937
130161
130380
130601
130822
131044
131265
131487
131709
131927
132148
132368
132588
132810
133032
133254
133477
133695
133916
134136
134359
134579
134799
135018
135239
135463
135685
135910
136131
136350
136566
136783
137003
137223
137441
137659
137877
138098
138324
138548
138773
138996
139215
139435
139656
139876
140096
140319
140539
140762
140984
141209
141435
141662
141885
142107
142327
142547
142767
142987
143209
143432
143655
143875
144098
144319
144541
144761
144982
145201
145423
145645
145866
146088
146312
146535
146757
146979
147206
147430
147661
147885
148111
148334
148562
148789
149015
149240
149466
149692
149918
150145
150372
150602
150827
151054
151283
151515
151744
151972
152198
152422
152646
152868
153095
153322
153546
153769
153994
154217
154445
154673
154897
155123
155348
155570
155796
156021
156246
156470
156694
156917
157138
157354
157571
157788
158009
158227
158444
158661
158872
159086
159301
159518
159735
159954
160168
160381
160600
160816
161033
161248
161465
161679
161895
162116
162336
162557
162775
162992
163209
163430
163650
163873
164092
164315
164534
164755
164980
165204
165428
165652
165871
166091
166313
166539
166767
166993
167224
167455
167679
167906
168133
168363
168590
168816
169039
169270
169497
169724
169955
170183
170409
170634
170866
171095
171323
171549
171769
171994
172214
172439
172660
172881
173098
173312
173527
173743
173961
174182
174401
174625
174846
175071
175297
175524
175753
175978
176201
176428
176654
176880
177108
177332
177557
177778
177997
178218
178442
178664
178888
179111
179329
179549
179771
179997
180224
180453
180680
180907
181129
181352
181576
181800
182025
182253
182477
182702
182927
183154
183381
183605
183829
184052
184272
184496
184719
184944
185167
185388
185610
185834
186062
186291
186514
186739
186959
187178
187399
187624
187847
188071
188295
188518
188739
188960
189185
189409
189635
189858
190078
190293
190509
190725
190944
191165
191386
191606
191822
192037
192252
192468
192684
192901
193119
193335
193548
193760
193976
194195
194411
194630
194846
195062
195277
195496
195715
195933
196154
196371
196589
196807
197027
197246
197466
197683
197900
198117
198339
198560
198781
199004
199226
199443
199666
199893
200117
200343
200565
200788
201011
201234
201461
201685
201912
202135
202357
202582
202809
203037
203263
203489
203712
203935
204161
204384
204610
204835
205059
205281
205501
205726
205955
206187
206422
206653
206895
207127
207365
207601
207833
208065
208293
208520
208749
208980
209213
209443
209675
209905
210130
210360
210585
210819
211057
211301
211536
211776
212013
212246
212483
212719
212955
213192
213427
213660
213891
214123
214354
214585
214815
215042
215267
215490
215711
215932
216151
216374
216596
216823
217047
217267
217487
217705
217928
218148
218369
218586
218801
219014
219226
219442
219660
219881
220099
220316
220531
220744
220961
221182
221404
221626
221851
222073
222293
222514
222738
222963
223184
223405
223626
223846
224069
224291
224515
224738
224957
225176
225395
225615
225838
226064
226287
226512
226737
226961
227189
227415
227641
227864
228086
228308
228532
228755
228982
229208
229437
229665
229891
230115
230339
230563
230788
231010
231232
231452
231677
231907
232134
232364
232590
232813
233037
233265
233492
233725
233955
234184
234413
234641
234873
235099
235327
235554
235782
236005
236232
236456
236683
236910
237135
237359
237582
237805
238032
238265
238495
238725
238949
239173
239399
239625
239856
240087
240321
240546
240770
240994
241219
241445
241673
241900
242122
242351
242582
242814
243040
243266
243491
243721
243946
244171
244399
244622
244852
245082
245315
245553
245789
246024
246252
246475
246704
246930
247158
247385
247609
247828
248049
248273
248498
248721
248943
249165
249385
249605
249825
250052
250280
250510
250735
250968
251198
251437
251669
251903
252132
252359
252583
252806
253030
253259
253490
253725
253958
254192
254427
254663
254895
255127
255357
255584
255813
256042
256279
256512
256749
256982
257212
257444
257678
257914
258142
258370
258603
258834
259068
259299
259525
259751
259974
260199
260426
260654
260886
261125
261355
261587
261819
262048
262276
262503
262728
262957
263186
263415
263642
263868
264099
264323
264549
264777
265002
265228
265450
265668
265889
266110
266336
266562
266789
267015
267237
267459
267684
267909
268139
268366
268590
268815
269036
269259
269481
269705
269929
270155
270382
270611
270843
271073
271302
271532
271759
271984
272209
272434
272666
272897
273129
273358
273583
273807
274031
274256
274483
274707
274930
275150
275370
275592
275816
276039
276259
276480
276697
276915
277134
277355
277577
277801
278025
278250
278479
278707
278941
279170
279397
279622
279844
280062
280283
280501
280723
280942
281164
281383
281605
281823
282041
282262
282483
282703
282922
283139
283350
283564
283776
283992
284212
284432
284650
284865
285080
285295
285513
285733
285955
286173
286392
286610
286829
287047
287270
287496
287716
287934
288151
288366
288586
288806
289027
289248
289463
289678
289897
290116
290338
290558
290780
291000
291218
291437
291661
291884
292106
292329
292546
292767
292986
293209
293431
293657
293882
294109
294339
294566
294796
295026
295252
295478
295699
295923
296149
296373
296599
296826
297049
297272
297490
297708
297929
298150
298367
298585
298800
299012
299224
299438
299653
299867
300083
300298
300512
300725
300941
301159
301378
301599
301823
302047
302272
302497
302721
302947
303175
303400
303621
303843
304069
304293
304517
304739
304959
305178
305399
305623
305848
306072
306295
306519
306744
306970
307198
307425
307653
307883
308110
308342
308575
308805
309034
309266
309489
309716
309957
310189
310425
310655
310877
311101
311322
311543
311759
311976
312190
312402
312620
312836
313052
313265
313477
313688
313898
314108
314318
314530
314741
314950
315157
315362
315568
315772
315980
316188
316395
316600
316806
317009
317216
317424
317633
317845
318056
318265
318476
318684
318893
319107
319321
319536
319745
319953
320163
320373
320585
320799
321015
321228
321441
321651
321862
322077
322292
322508
322723
322934
323145
323357
323572
323791
324008
324225
324439
324651
324861
325069
325283
325494
325708
325919
326131
326343
326556
326773
326992
327209
327427
327645
327858
328074
328291
328511
328730
328951
329165
329380
329594
329810
330030
330249
330467
330684
330898
331112
331326
331543
331761
331980
332198
332412
332627
332843
333059
333277
333494
333709
333923
334136
334350
334577
334799
335020
335241
335459
335678
335897
336118
336340
336561
336780
336997
337214
337435
337658
337886
338113
338340
338566
338789
339015
339238
339459
339677
339893
340109
340324
340544
340763
340983
341203
341421
341642
341860
342081
342302
342525
342745
342963
343182
343397
343620
343845
344067
344290
344509
344724
344941
345158
345374
345591
345807
346023
346237
346455
346675
346898
347119
347340
347560
347778
347993
348210
348429
348651
348872
349094
349313
349531
349754
349974
350195
350415
350632
350848
351062
351282
351501
351721
351939
352154
352370
352589
352808
353030
353251
353471
353689
353909
354129
354353
354575
354795
355015
355231
355448
355666
355886
356108
356329
356553
356776
357001
357225
357451
357676
357900
358121
358341
358561
358783
