---
Mammal:            dog
Fs:                500
Integration_level: electrocardiogram

Channels:

    - type:   peak
      name:   Data
      unit:   index
      enable: yes

---

311
772
1093
1531
2014
2327
2686
3135
3432
3874
4265
4555
4904
5368
5669
5952
6327
6680
6957
7314
7686
7977
8271
8715
9048
9339
9640
10088
10390
10816
11163
11468
11882
12316
12619
13006
13518
13859
14345
14666
15088
15393
15673
16114
16429
16926
17264
17742
18098
18448
18933
19269
19669
20052
20363
20860
21198
21552
21890
22322
22623
23054
23427
23719
24113
24547
24840
25177
25687
26008
26434
26730
27192
27694
28019
28497
29018
29316
29639
30132
30584
30886
31385
31865
32181
32516
32885
33325
33655
34180
34613
34936
35358
35794
36095
36417
36933
37441
37754
38073
38594
38984
39276
39630
40149
40480
40900
41376
41749
42068
42537
42888
43255
43793
44171
44487
44923
45412
45724
46131
46646
46957
47260
47765
48222
48506
48926
49459
49775
50084
50584
51028
51325
51757
52245
52562
52849
53314
53807
54119
54413
54863
55343
55652
55934
56471
56925
57254
57690
58102
58414
58826
59185
59475
59858
60146
60523
60964
61252
61520
61898
62276
62574
63048
63460
63771
64170
64681
64977
65452
65903
66365
66888
67230
67731
68182
68555
68897
69331
69693
70185
70531
70977
71380
71753
72193
72484
72806
73159
73608
74128
74444
74875
75192
75582
76019
76418
76904
77253
77712
78133
78454
78832
79260
79750
80223
80784
81149
81618
81957
82295
82656
83163
83610
84011
84446
84928
85413
85868
86179
86600
86901
87392
87720
88187
88501
88864
89235
89746
90077
90526
90836
91220
91530
91864
92184
92604
92933
93327
93639
94010
94426
94711
95099
95454
95749
96209
96543
96863
97233
97699
98169
98629
99040
99501
99860
100265
100722
101223
101558
101966
102414
102720
103205
103527
103849
104297
104609
104953
105368
105654
105967
106402
106703
107026
107489
107795
108239
108518
108956
109418
109715
110181
110499
110943
111268
111780
112111
112615
112932
113417
113734
114213
114605
115015
115387
115724
116233
116539
116994
117325
117735
118187
118489
118974
119302
119795
120117
120595
121016
121481
121926
122361
122771
123194
123534
123979
124366
124730
125093
125457
125812
126181
126555
126934
127325
127716
128158
128516
129002
129432
129891
130362
130806
131303
131715
132146
132615
133009
133379
133839
134141
134516
134830
135133
135667
136039
136507
136958
137348
137761
138198
138494
139027
139409
139891
140271
140755
141055
141568
141875
