---
Mammal:            rabbit
Fs:                1000
Integration_level: electrocardiogram

Channels:

    - type:   peak
      name:   Data
      unit:   index
      enable: yes

---

155
427
702
978
1249
1533
1814
2086
2360
2634
2918
3197
3472
3756
4038
4324
4610
4889
5175
5466
5743
6025
6308
6587
6866
7143
7423
7704
7983
8258
8536
8817
9092
9366
9645
9921
10196
10468
10741
11017
11290
11559
11826
12097
12365
12631
12895
13162
13434
13706
13975
14243
14518
14790
15063
15334
15607
15882
16161
16431
16700
16972
17242
17517
17786
18059
18331
18603
18878
19159
19444
19740
20023
20307
20586
20869
21146
21423
21698
21975
22253
22528
22804
23082
23362
23642
23911
24185
24468
24741
25019
25297
25578
25862
26142
26426
26708
27006
27290
27581
27867
28161
28440
28719
29000
29286
29568
29855
30136
30418
30698
30977
31256
31543
31823
32098
32373
32649
32924
33193
33465
33738
34011
34280
34546
34816
35091
35363
35630
35898
36166
36432
36699
36963
37229
37497
37768
38040
38310
38586
38864
39139
39414
39694
39979
40263
40540
40823
41105
41392
41671
41949
42228
42504
42783
43055
43329
43606
43889
44166
44440
44723
45006
45285
45564
45838
46114
46392
46665
46939
47215
47489
47761
48032
48310
48586
48860
49131
49403
49678
49962
50239
50511
50783
51060
51339
51611
51876
52145
52415
52685
52952
53222
53502
53775
54049
54319
54593
54866
55133
55402
55671
55941
56209
56479
56746
57017
57290
57562
57829
58102
58373
58642
58914
59183
59455
59725
59995
60265
60546
60820
61109
61396
61675
61954
62235
62517
62797
63074
63350
63627
63906
64188
64474
64756
65047
65337
65625
65910
66194
66473
66748
67026
67305
67579
67848
68118
68390
68670
68943
69220
69496
69776
70053
70327
70604
70878
71162
71460
71742
72025
72314
72590
72872
73153
73436
73717
73993
74272
74552
74828
75104
75377
75653
75922
76192
76460
76731
77012
77298
77580
77874
78172
78462
78754
79043
79334
79621
79907
80191
80468
80747
81026
81310
81588
81868
82146
82420
82695
82969
83243
83513
83788
84063
84330
84615
84890
85169
85443
85719
85996
86270
86544
86820
87097
87370
87644
87925
88210
88489
88768
89050
89325
89601
89880
90160
90435
90710
90987
91271
91551
91826
92108
92394
92675
92952
93239
93522
93809
94097
94389
94674
94957
95238
95522
95805
96090
96370
96647
96923
97197
97472
97755
98042
98319
98593
98876
99152
99428
99698
99972
100243
100510
100779
101048
101318
101586
101855
102123
102394
102667
102935
103204
103477
103759
104046
104320
104609
104894
105179
105461
105740
106022
106306
106586
106867
107157
107440
107718
107998
108278
108561
108837
109115
109397
109680
109959
110240
110516
110796
111075
111372
111648
111929
112208
112486
112764
113041
113321
113603
113876
114151
114426
114703
114976
115250
115524
115798
116073
116343
116617
116890
117163
117436
117709
117986
118259
118534
118811
119092
119372
119651
119931
120210
120488
120770
121045
121322
121612
121893
122181
122461
122742
123019
123294
123572
123854
124134
124421
124706
124995
125278
125564
125847
126127
126413
126702
126987
127268
127550
127839
128126
128412
128694
128981
129263
129542
129822
130111
130394
130682
130963
131246
131527
131805
132083
132368
132651
132928
133207
133488
133764
134048
134323
134604
134885
135166
135453
135732
136019
136296
136578
136852
137133
137417
137698
137978
138254
138535
138815
139101
139375
139655
139937
140216
140494
140767
141043
141315
141593
141863
142171
142452
142726
143000
143272
143544
143813
144080
144347
144619
144892
145170
145464
145751
146037
146324
146617
146907
147198
147487
147778
148074
148365
148649
148937
149221
149505
149788
150073
150368
150668
150949
151246
151534
151823
152110
152395
152678
152960
153239
153537
153828
154118
154404
154690
154974
155263
155543
155824
156110
156398
156686
156967
157256
157540
157822
158103
158381
158659
158937
159216
159497
159774
160049
160326
160606
160881
161156
161436
161711
161983
162253
162519
162789
163056
163328
163599
163867
164139
164416
164690
164962
165236
165514
165800
166079
166358
166641
166922
167209
167492
167771
168050
168327
168601
168877
169151
169428
169711
169996
170269
170552
170831
171110
171388
171666
171940
172220
172503
172781
173053
173329
173617
173899
174180
174459
174744
175024
175308
175589
175873
176155
176441
176719
176998
177275
177554
177829
178103
178381
178663
178946
179226
179501
179780
180053
180326
180597
180868
181147
181427
181701
181975
182247
182520
182796
183070
183344
183636
183922
184212
184495
184779
185063
185345
185627
185907
186190
186471
186753
187025
187299
187570
187842
188118
188391
188668
188951
189229
189510
189784
190063
190344
190633
190921
191203
191493
191785
192086
192379
192668
192959
193253
193544
193831
194115
194401
194686
194971
195255
195537
195817
196099
196381
196658
196943
197228
197511
197791
198071
198349
198631
198909
199184
199458
199732
200007
200279
200548
200814
201083
201351
201625
201894
202162
202433
202708
202991
203268
203541
203816
204097
204391
204672
204955
205241
205527
205813
206096
206387
206670
206953
207233
207518
207798
208077
208352
208632
208908
209184
209461
209737
210015
210298
210585
210867
211145
211421
211701
211977
212252
212523
212802
213082
213377
213651
213931
214209
214488
214767
215042
215319
215594
215869
216138
216412
216690
216967
217243
217524
217798
218081
218364
218645
218927
219213
219495
219786
220065
220346
220623
220906
221191
221474
221751
222034
222319
222611
222889
223167
223447
223725
224008
224285
224566
224844
225129
225418
225704
225984
226267
226545
226825
227102
227379
227658
227940
228221
228503
228786
229072
229359
229643
229919
230194
230475
230765
231043
231321
231598
231878
232159
232439
232714
232992
233271
233551
233827
234100
234372
234651
234927
235201
235479
235752
236028
236309
236585
236862
237139
237416
237694
237969
238245
238526
238808
239097
239380
239665
239958
240263
240559
240849
241138
241426
241713
241995
242276
242564
242850
243137
243420
243700
243979
244256
244533
244813
245086
245367
245638
245902
246166
246425
246690
246948
247208
247466
247732
248008
248288
248560
248834
249113
249389
249663
249937
250209
250489
250764
251037
251310
251588
251875
252160
252449
252728
253027
253315
253604
253893
254184
254479
254763
255054
255343
255630
255919
256209
256504
256796
257079
257363
257651
257931
258205
258490
258775
259065
259354
259637
259930
260218
260508
260794
261082
261362
261642
261922
262204
262485
262773
263056
263344
263628
263911
264200
264481
264766
265050
265327
265612
265894
266175
266454
266732
267011
267289
267566
267841
268116
268390
268668
268954
269235
269514
269797
270088
270375
270656
270947
271241
271528
271815
272105
272392
272679
272957
273243
273526
273814
274091
274371
274655
274936
275214
275492
275778
276061
276346
276623
276902
277191
277475
277751
278031
278315
278591
278866
279139
279419
279695
279970
280244
280521
280797
281072
281341
281620
281893
282171
282437
282711
282985
283258
283537
283819
284095
284387
284669
284947
285227
285512
285797
286073
286358
286642
286929
287210
287490
287778
288061
288342
288625
288912
289201
289480
289757
290040
290336
290616
290893
291169
291460
291745
292025
292300
292577
292869
293148
293423
293698
293981
294260
294533
294800
295073
295354
295632
295904
296175
296457
296733
297003
297271
297541
297818
298089
298360
298639
298910
299174
299449
299716
299979
300248
300518
300784
301049
301319
301587
301857
302127
302404
302682
302956
303229
303504
303778
304052
304324
304598
304875
305152
305426
305704
305982
306263
306542
306823
307103
307382
307665
307942
308218
308496
308774
309057
309336
309616
309900
310187
310473
310757
311041
311326
311610
311892
312171
312456
312741
313024
313304
313583
313862
314145
314425
314713
314996
315285
315565
315847
316130
316411
316689
316966
317249
317530
317814
318094
318377
318662
318946
319227
319507
319792
320082
320378
320666
320954
321250
321547
321837
322120
322407
322691
322978
323256
323540
323824
324106
324384
324657
324935
325212
325496
325782
326059
326341
326625
326902
327176
327450
327725
328000
328264
328532
328804
329087
329361
329629
329907
330184
330462
330737
331013
331296
331591
331873
332158
332446
332730
333018
333300
333579
333858
334138
334416
334692
334971
335258
335540
335817
336101
336386
336672
336957
337239
337538
337830
338125
338416
338704
338993
339284
339571
339857
340142
340428
340716
341004
341294
341580
341872
342163
342441
342724
343011
343295
343573
343852
344131
344425
344714
344999
345294
345586
345879
346166
346447
346726
347013
347287
347564
347842
348120
348396
348672
348944
349215
349488
349755
350032
350307
350594
350875
351157
351457
351752
352038
352325
352613
352909
353193
353478
353763
354059
354340
354626
354915
355200
355477
355754
356031
356313
356593
356879
357166
357450
357742
358032
358323
358620
358907
359208
359503
359802
360091
360381
360675
360968
361264
361565
361865
362189
362491
362796
363093
363401
363700
364001
364291
364584
364886
365185
365477
365765
366052
366334
366616
366901
367187
367480
367771
368070
368369
368679
368982
369271
369556
369848
370153
370456
370749
371044
371334
371613
371894
372179
372465
372778
373083
373379
373666
373967
374269
374590
374891
375186
375475
375764
376049
376340
376622
376902
377200
377497
377805
378104
378406
378708
379027
379342
379645
379946
380265
380578
380903
381208
381512
381808
382100
382396
382687
382989
383284
383593
383907
384222
384523
384834
385142
385447
385754
386043
386330
386621
386903
387191
387488
387778
388079
388387
388697
388994
389287
389582
389875
390163
390448
390736
391020
391304
391585
391868
392143
392417
392693
392971
393243
393522
393795
394067
394342
394617
394891
395161
395431
395703
395972
396244
396515
396786
397057
397329
397605
397878
398148
398422
398701
398976
399246
399525
399807
400084
400365
400646
400921
401197
401478
401762
402035
402306
402585
402865
403140
403423
403705
403984
404256
404532
404805
405077
405350
405635
405916
406192
406472
406750
407025
407301
407587
407869
408152
408437
408731
409016
409304
409591
409882
410164
410446
410727
411009
411290
411570
411850
412133
412411
412693
412970
413253
413541
413824
414112
414397
414678
414966
415254
415540
415828
416119
416412
416695
416981
417263
417549
417831
418111
418390
418669
418947
419224
419507
419787
420065
420353
420636
420921
421200
421483
421770
422051
422333
422612
422888
423173
423451
423731
424010
424289
424568
424847
425127
425420
425710
426003
426299
426592
426886
427175
427464
427751
428033
428317
428602
428883
429161
429440
429720
430002
430278
430553
430838
431125
431407
431687
431974
432256
432536
432810
433084
433361
433640
433917
434201
434480
434757
435036
435314
435597
435877
436158
436442
436725
437008
437283
437559
437836
438117
438393
438670
438956
439245
439532
439811
440102
440397
440680
440963
441245
441528
441805
442080
442360
442636
442910
443178
443447
443719
444017
444295
444576
444854
445151
445442
445730
446026
446323
446621
446920
447213
447506
447801
448092
448388
448681
448969
449255
449536
449815
450088
450360
450631
450906
451175
451445
451718
451993
452264
452534
452809
453081
453353
453622
453899
454177
454452
454730
455009
455290
455575
455858
456140
456434
456729
457024
457309
457595
457881
458161
458439
458725
459017
459308
459607
459895
460187
460476
460765
461052
461344
461639
461926
462221
462509
462803
463095
463384
463676
463964
464248
464528
464813
465099
465380
465660
465944
466229
466512
466794
467075
467359
467642
467921
468200
468479
468759
469034
469309
469587
469869
470152
470435
470720
471010
471308
471591
471877
472166
472460
472745
473030
473327
473616
473905
474186
474477
474763
475055
475335
475614
475900
476194
476482
476771
477061
477358
477646
477935
478224
478513
478804
479091
479391
479685
479977
480272
480565
480857
481144
481428
481706
481982
482263
482544
482822
483100
483384
483664
483947
484227
484506
484793
485076
485357
485636
485917
486199
486476
486751
487028
487309
487602
487894
488177
488469
488769
489060
489347
489631
489914
490203
490490
490776
491060
491365
491655
491941
492228
492524
492820
493112
493400
493696
493991
494280
494566
494853
495144
495435
495725
496013
496304
496594
496874
497156
497433
497699
497959
498222
498489
498755
499022
499292
499566
499849
500140
500422
500714
501002
501289
501576
501870
502158
502442
502731
503022
503312
503600
503901
504194
504495
504785
505078
505373
505668
505955
506243
506536
506833
507127
507419
507719
508025
508324
508626
508930
509223
509515
509809
510101
510386
510676
510973
511267
511560
511848
512142
512436
512726
513013
513301
513583
513863
514145
514437
514725
515007
515288
515569
515847
516122
516394
516673
516951
517226
517500
517776
518052
518323
518594
518870
519146
519421
519706
519989
520274
520561
520848
521129
521411
521689
521966
522242
522522
522798
523074
523357
523633
523910
524187
524469
524748
525027
525312
525600
525884
526168
526454
526739
527021
527305
527592
527881
528170
528452
528739
529023
529309
529588
529874
530170
530453
530740
531025
531319
531605
531883
532164
532438
532712
532978
533239
533494
533754
534011
534264
534520
534766
535026
535275
535526
535772
536019
536262
536501
536744
536984
537230
537475
537718
537971
538224
538480
538742
539016
539292
539571
539854
540137
540418
540699
540981
541265
541557
541851
542144
542427
542713
542995
543278
543554
543831
544115
