---
Mammal:            rabbit
Fs:                1000
Integration_level: electrocardiogram

Channels:

    - type:   peak
      name:   Data
      unit:   index
      enable: yes

---

148
368
588
805
1021
1236
1452
1673
1897
2120
2345
2571
2794
3018
3243
3467
3693
3916
4143
4366
4587
4810
5034
5260
5484
5706
5927
6145
6363
6582
6802
7023
7245
7465
7686
7905
8125
8347
8569
8792
9014
9236
9455
9676
9899
10123
10348
10573
10795
11014
11232
11453
11676
11901
12123
12344
12565
12783
13002
13222
13442
13661
13880
14098
14317
14534
14753
14975
15199
15426
15655
15882
16115
16343
16573
16801
17029
17258
17488
17713
17946
18178
18408
18639
18874
19105
19338
19574
19805
20036
20270
20502
20735
20965
21202
21437
21670
21901
22128
22354
22578
22810
23043
23274
23505
23734
23957
24180
24403
24626
24852
25078
25308
25539
25765
26008
26249
26483
26725
26956
27188
27415
27645
27873
28100
28329
28557
28787
29018
29250
29485
29721
29953
30187
30415
30651
30885
31120
31351
31583
31812
32043
32275
32503
32730
32955
33176
33397
33622
33850
34075
34300
34528
34756
34982
35212
35442
35668
35892
36116
36338
36566
36793
37020
37247
37473
37697
37920
38144
38369
38594
38819
39040
39262
39480
39698
39919
40141
40364
40588
40805
41024
41243
41465
41687
41911
42135
42366
42597
42825
43053
43279
43506
43733
43958
44184
44408
44621
44855
45076
45295
45516
45738
45960
46186
46408
46630
46852
47078
47303
47536
47764
47994
48226
48457
48690
48925
49154
49386
49611
49837
50060
50282
50507
50733
50963
51192
51421
51645
51867
52093
52317
52544
52773
52995
53217
53442
53663
53887
54108
54326
54542
54763
54983
55203
55423
55643
55861
56081
56304
56530
56755
56981
57209
57439
57666
57896
58123
58351
58579
58803
59030
59254
59480
59707
59933
60159
60389
60621
60851
61081
61313
61539
61765
61988
62216
62443
62673
62900
63124
63350
63574
63801
64026
64252
64480
64706
64932
65161
65388
65616
65843
66069
66290
66513
66737
66966
67197
67429
67661
67887
68118
68344
68570
68795
69015
69233
69457
69678
69904
70127
70351
70571
70797
71017
71239
71459
71679
71902
72127
72353
72581
72807
73032
73259
73487
73712
73939
74163
74395
74628
74865
75101
75333
75569
75802
76037
76272
76505
76734
76965
77196
77429
77669
77917
78164
78425
78677
78935
79188
79435
79680
79928
80175
80421
80667
80919
81179
81422
81670
81909
82153
82393
82643
82895
83153
83410
83670
83923
84175
84419
84670
84918
85166
85409
85645
85875
86111
86348
86588
86832
87144
87439
87693
87944
88190
88423
88663
88907
89165
89418
89674
89919
90166
90405
90642
90879
91117
91350
91588
91828
92063
92302
92539
92774
93013
93249
93486
93728
93965
94205
94444
94680
94915
95152
95394
95643
95903
96149
96398
96642
96887
97126
97375
97612
97848
98084
98486
98778
99028
99265
99501
99735
99972
100210
100460
100711
100957
101208
101452
101688
101930
102163
102401
102639
102879
103118
103366
103610
103847
104082
104314
104549
104780
105020
105261
105493
105731
105978
106225
106466
106714
106955
107202
107437
107676
107913
108150
108389
108636
108872
109114
109352
109587
109825
110054
110278
110517
110755
111007
111258
111521
111783
112045
112487
112845
113138
113391
113624
113852
114085
114327
114578
115003
115316
115579
115834
116073
116313
116546
116778
117014
117254
117494
117974
118207
118437
118674
118899
119126
119348
119572
119790
120010
120230
120455
120678
120899
121122
121347
121565
121784
122001
122219
122436
122653
122877
123102
123328
123550
123776
124004
124233
124460
124682
124903
125123
125338
125555
125765
125983
126201
126419
126639
126868
127103
127360
127630
128061
128417
128698
128951
129180
129409
129631
129851
130078
130320
130681
131000
131306
131613
131943
132261
132575
132854
133100
133345
133608
133888
134185
134467
134935
135267
135555
135809
136056
136301
136560
136819
137288
137586
137837
138087
138345
138614
138875
139121
139376
139630
139894
140163
140650
140977
141237
141477
141712
141953
142198
142453
142709
142967
143225
143474
143715
143954
144192
144432
144683
144947
145212
145491
145758
146010
146244
146480
146744
147208
147504
147751
147997
148230
148462
148697
148932
149171
149417
149675
149935
150220
150488
150752
151015
151276
151529
151768
152010
152250
152486
152723
152964
153212
153451
153692
153923
154161
154395
154628
154859
155092
155324
155553
155784
156012
156241
156464
156690
156911
157132
157352
157569
157787
158001
158213
158424
158639
158857
159071
159290
159518
159740
159976
160205
160440
160673
160899
161127
161358
161591
161814
162039
162260
162480
162700
162917
163129
163340
163552
163762
163970
164177
164385
164591
164796
165003
165210
165416
165622
165828
166042
166256
166479
166707
167026
167302
167597
167856
168097
168332
168572
168816
169182
169579
169896
170223
170535
170781
171029
171265
171497
171739
171983
172235
172477
172714
172947
173175
173399
173622
173843
174065
174291
174520
174785
175045
175299
175548
175804
176039
176268
176492
176717
176941
177161
177376
177592
177811
178029
178243
178457
178671
178890
179106
179327
179546
179816
180070
180307
180529
180747
180961
181186
181416
181667
182027
182344
182675
182991
183262
183497
183734
183964
184191
184414
184635
184859
185084
185320
185565
185815
186055
186297
186533
186764
186997
187230
187461
187691
187919
188147
188372
188594
188820
189049
189274
189501
189736
189968
190204
190437
190666
190894
191118
191341
191559
191776
191990
192202
192413
192623
192833
193041
193249
193456
193662
193869
194078
194288
194500
194713
194926
195138
195347
195558
195769
195984
196201
196500
196785
197090
197413
197754
198206
198521
198792
199043
199282
199518
199759
199999
200246
200488
200749
201006
201257
201500
201743
201977
202212
202444
202678
202916
203149
203390
203622
203853
204095
204328
204567
204803
205044
205287
205528
205775
206026
206292
206542
206781
207011
207241
207464
207687
207914
208143
208375
208607
208836
209070
209303
209532
209757
209980
210206
210441
210672
210903
211134
211360
211581
211805
212025
212250
212477
212701
212932
213166
213404
213645
213883
214110
214338
214562
214785
215012
215241
215478
215725
215976
216231
216493
216744
216997
217251
217491
217929
218208
218445
218677
218905
219130
219360
219581
219804
220023
220241
220457
220671
220887
221102
221319
221546
221768
222009
222252
222494
222735
222973
223213
223453
223701
224121
224420
224666
224900
225128
225351
225574
225796
226019
226244
226469
226704
226942
227171
227408
227649
227891
228133
228373
228617
228861
229108
229343
229582
229813
230044
230274
230500
230723
230946
231171
231401
231636
231868
232104
232357
232614
232879
233131
233369
233620
233865
234109
234354
234598
234846
235083
235322
235563
235804
236041
236271
236497
236721
236944
237168
237390
237615
237836
238055
238276
238501
238726
238951
239183
239430
239673
239915
240158
240408
240656
240925
241188
241746
242152
242443
242698
242936
243173
243404
243632
243863
244087
244319
244546
244777
245004
245240
245477
245723
245970
246215
246458
246701
246948
247188
247426
247665
247899
248134
248371
248606
248847
249077
249306
249536
249768
249997
250224
250448
250678
250906
251135
251362
251586
251813
252034
252250
252467
252685
252904
253120
253337
253555
253774
253995
254217
254437
254657
254877
255098
255319
255537
255755
255976
256197
256420
256642
256863
257086
257309
257534
257758
257982
258202
258429
258654
258881
259106
259331
259557
259782
260009
260233
260460
260682
260909
261137
261365
261594
261819
262043
262269
262496
262724
262955
263184
263416
263647
263881
264114
264337
264560
264786
265012
265237
265461
265680
265899
266118
266339
266562
266783
267003
267225
267450
267672
267895
268114
268335
268554
268776
268997
269216
269436
269660
269880
270110
270341
270579
270811
271051
271281
271516
271756
271992
272227
272467
272712
272948
273191
273427
273668
273918
274153
274391
274624
274862
275096
275328
275556
275791
276020
276270
276532
276777
277013
277245
277475
277704
277925
278145
278361
278577
278792
279010
279225
279438
279651
279864
280076
280289
280501
280717
280935
281153
281369
281586
281801
282016
282239
282463
282686
282907
283124
283341
283560
283783
284011
284241
284469
284695
284920
285142
285369
285593
285820
286048
286277
286498
286726
286958
287199
287445
287688
287927
288163
288406
288643
288883
289116
289353
289586
289822
290051
290276
290506
290742
290985
291226
291467
291700
291927
292157
292386
292617
292841
293069
293301
293527
293750
293974
294198
294418
294639
294859
295080
295305
295534
295765
295996
296230
296463
296696
296925
297149
297373
297596
297816
298033
298250
298467
298683
298901
299120
299343
299566
299802
300034
300280
300528
300758
300987
301210
301432
301654
301878
302107
302363
302616
302864
303106
303346
303583
303814
304048
304286
304531
304777
305015
305264
305503
305738
305971
306203
306429
306651
306873
307100
307325
307553
307786
308013
308243
308473
308701
308932
309164
309388
309612
309838
310061
310286
310508
310728
310950
311173
311400
311626
311853
312077
312298
312520
312741
312964
313187
313410
313631
313856
314081
314307
314530
314753
314978
315201
315425
