---
Mammal:            dog
Fs:                500
Integration_level: electrocardiogram

Channels:

    - type:   peak
      name:   Data
      unit:   index
      enable: yes

---

90
358
735
1016
1254
1497
1712
1923
2140
2394
2821
3050
3362
3624
3874
4137
4395
4634
4872
5110
5338
5558
5788
6010
6224
6425
6628
6830
7025
7227
7442
7652
7866
8095
8347
8778
9010
9487
9887
10154
10555
10812
11303
11810
12096
12547
12769
13162
13550
14051
14480
14762
15024
15533
15935
16280
16588
16971
17353
17796
18099
18583
18958
19297
19558
19845
20292
20596
21075
21473
21842
22298
22692
23067
23495
23890
24332
24682
25075
25449
25783
26104
26431
26951
27276
27532
27914
28224
28756
29148
29639
30050
30327
30583
30828
31282
31576
32124
32401
32693
33226
33758
34185
34521
34773
35010
35293
35838
36255
36533
36996
37497
37882
38173
38422
38733
39239
39569
39845
40356
40858
41190
41458
41962
42371
42665
43129
43516
43814
44082
44390
44900
45320
45631
45957
46332
46684
46974
47378
47833
48160
48419
48893
49382
49720
49986
50320
50854
51224
51519
52019
52374
52641
52929
53418
53738
54047
54570
54967
55257
55708
56068
56411
56826
57126
57399
57700
58179
58549
58984
59349
59660
59952
60241
60530
60930
61223
61515
61843
62169
62651
62969
63236
63509
63749
64009
64268
64734
65113
65560
65926
66215
66446
66718
67217
67537
67794
68172
68611
68875
69143
69580
69838
70347
70746
71024
71306
71579
71990
72372
72734
73018
73275
73506
73746
74030
74325
74616
74939
75317
75558
75808
76024
76281
76542
77009
77353
77680
78066
78313
78565
78797
79028
79292
79776
80187
80537
80778
81039
81295
81525
81773
82144
82431
82692
83012
83453
83709
83963
84224
84519
84936
85375
85672
85900
86140
86361
86580
86842
87194
87458
87750
88092
88376
88607
88845
89082
89343
89628
90081
90366
90605
90842
91099
91392
91920
92293
92534
92788
93013
93234
93449
93689
93946
94427
94731
95153
95429
95738
96077
96349
96652
97004
97453
97752
98019
98270
98507
98806
99097
99364
99769
100024
100296
100530
100771
101091
101351
101743
101967
102290
102579
102891
103155
103546
103980
104239
104495
104787
105052
105409
105712
105978
106254
106553
107045
107468
107885
108205
108460
108697
108944
109221
109728
110100
110372
110635
110893
111138
111576
111847
112302
112608
112903
113253
113519
113787
114070
114519
114825
115095
115346
115634
116070
116369
116781
117076
117349
117702
118175
118539
118809
119215
119489
119994
120267
120538
121040
121311
121691
122144
122407
122726
123015
123482
123992
124346
124717
124993
125290
125751
126107
126385
126688
127179
127454
127756
128049
128375
128782
129061
129390
129686
130137
130460
130874
131152
131581
131881
132312
132717
133035
133296
133723
133974
134275
134722
135037
135470
135777
136064
136339
136608
136968
