---
Mammal:            rabbit
Fs:                1000
Integration_level: electrocardiogram

Channels:

    - type:   peak
      name:   Data
      unit:   index
      enable: yes

---

179
390
601
810
1017
1223
1429
1637
1847
2058
2267
2474
2681
2890
3100
3308
3516
3721
3926
4129
4335
4544
4753
4961
5169
5375
5582
5789
6001
6213
6427
6638
6850
7062
7277
7490
7703
7914
8123
8331
8542
8754
8968
9177
9390
9606
9825
10045
10262
10476
10690
10904
11124
11340
11555
11768
11982
12199
12418
12635
12851
13063
13275
13486
13699
13911
14122
14332
14540
14750
14962
15173
15384
15592
15803
16014
16226
16439
16651
16861
17069
17277
17489
17702
17916
18130
18340
18551
18762
18975
19190
19405
19620
19831
20044
20258
20473
20691
20911
21128
21345
21563
21783
22000
22218
22434
22647
22862
23082
23301
23525
23747
23972
24192
24411
24629
24849
25069
25287
25504
25721
25943
26167
26389
26610
26828
27043
27259
27475
27691
27905
28117
28326
28540
28753
28968
29185
29398
29609
29820
30032
30250
30468
30685
30900
31112
31325
31538
31751
31965
32178
32387
32593
32800
33007
33216
33427
33640
33852
34063
34274
34486
34700
34917
35133
35346
35558
35768
35980
36194
36409
36625
36840
37052
37265
37480
37699
37917
38136
38353
38569
38785
39003
39223
39446
39670
39889
40107
40329
40547
40762
40982
41201
41420
41639
41863
42087
42311
42532
42751
42971
43193
43415
43639
43860
44079
44299
44519
44740
44962
45180
45397
45613
45830
46048
46267
46483
46697
46910
47121
47329
47539
47749
47957
48162
48367
48571
48778
48986
49191
49396
49598
49800
50005
50210
50415
50621
50829
51037
51245
51454
51667
51882
52096
52310
52522
52730
52940
53152
53363
53578
53788
54000
54211
54424
54638
54853
55062
55275
55487
55696
55905
56116
56330
56544
56756
56969
57185
57404
57624
57837
58058
58279
58504
58725
58946
59164
59384
59598
59815
60031
60244
60455
60667
60880
61095
61312
61527
61740
61952
62164
62379
62593
62807
63019
63228
63437
63646
63856
64067
64276
64485
64691
64897
65104
65313
65524
65733
65940
66147
66354
66565
66777
66989
67200
67409
67619
67832
68049
68267
68484
68700
68913
69126
69340
69557
69778
69995
70215
70432
70651
70874
71098
71322
71542
71758
71976
72195
72416
72638
72857
73076
73293
73512
73733
73953
74173
74391
74605
74819
75035
75253
75470
75686
75901
76112
76324
76538
76753
76967
77180
77390
77598
77806
78015
78221
78432
78637
78842
79046
79252
79460
79671
79882
80092
80303
80515
80729
80945
81158
81369
81577
81784
81996
82208
82420
82632
82841
83052
83267
83486
83702
83919
84132
84347
84567
84786
85007
85226
85449
85672
85901
86129
86357
86580
86807
87029
87249
87473
87696
87920
88140
88358
88575
88795
89014
89235
89455
89673
89889
90110
90334
90558
90780
90999
91220
91445
91670
91895
92124
92347
92569
92792
93017
93238
93459
93675
93887
94100
94314
94530
94748
94970
95188
95406
95622
95838
96055
96272
96487
96699
96909
97118
97326
97537
97749
97961
98172
98380
98588
98798
99012
99229
99449
99666
99881
100095
100310
100527
100745
100960
101175
101390
101610
101830
102056
102283
102509
102737
102961
103182
103405
103630
103853
104077
104300
104521
104741
104964
105188
105410
105629
105846
106061
106274
106489
106709
106928
107146
107362
107577
107791
108009
108230
108449
108665
108878
109090
109301
109514
109729
109944
110156
110365
110574
110781
110990
111200
111411
111619
111824
112029
112234
112441
112650
112862
113074
113285
113494
113705
113917
114131
114346
114557
114768
114978
115189
115403
115619
115835
116051
116265
116479
116690
116903
117119
117337
117551
117766
117980
118195
118413
118631
118853
119074
119297
119517
119739
119963
120186
120408
120628
120850
121071
121294
121518
121745
121970
122194
122415
122632
122851
123070
123289
123511
123731
123947
124160
124374
124591
124809
125027
125246
125464
125682
125902
126125
126348
126573
126800
127023
127243
127463
127687
127910
128132
128353
128570
128787
129003
129224
129444
129666
129884
130102
130319
130536
130758
130984
131211
131437
131658
131883
132111
132341
132568
132794
133016
133237
133457
133677
133903
134127
134351
134574
134795
135016
135238
135460
135680
135898
136115
136331
136550
136771
136991
137208
137422
137638
137853
138072
138291
138509
138724
138942
139161
139381
139600
139818
140036
140253
140468
140683
140899
141116
141329
141543
141757
141971
142187
142404
142620
142835
143047
143260
143471
143686
143899
144114
144328
144540
144754
144969
145185
145404
145620
145838
146051
146267
146482
146698
146913
147127
147341
147555
147774
147992
148213
148433
148652
148868
149084
149302
149521
149738
149954
150168
150382
150599
150819
151039
151259
151479
151695
151913
152132
152350
152564
152778
152992
153211
153427
153642
153857
154072
154287
154504
154725
154943
155160
155376
155588
155803
156017
156232
156445
156657
156871
157084
157297
157508
157719
157930
158140
158354
158567
158781
158994
159208
159418
159631
159845
160062
160276
160490
160704
160921
161136
161353
161570
161791
162008
162228
162444
162659
162874
163090
163307
163521
163733
163947
164160
164376
164595
164811
165025
165238
165455
165671
165887
166101
166317
166534
166753
166977
167199
167418
167636
167855
168078
168302
168523
168745
168966
169191
169419
169645
169872
170095
170317
170537
170762
170988
171215
171438
171657
171881
172108
172331
172555
172777
172996
173219
173440
173665
173888
174112
174331
174550
174768
174986
175206
175428
175650
175872
176096
176322
176552
176787
177018
177248
177478
177708
177937
178166
178396
178627
178860
179093
179327
179560
179790
180020
180249
180477
180705
180942
181172
181405
181639
181874
182104
182337
182574
182805
183036
183262
183484
183705
183926
184150
184375
184599
184823
185045
185268
185489
185711
185931
186151
186367
186581
186795
187010
187228
187444
187660
187876
188087
188300
188515
188732
188947
189162
189375
189587
189802
190018
190236
190457
190676
190893
191110
191329
191552
191776
191999
192221
192438
192656
192874
193097
193321
193547
193771
193990
194211
194433
194658
194880
195104
195324
195542
195761
195982
196202
196423
196641
196858
197076
197293
197514
197735
197954
198172
198386
198601
198815
199032
199250
199468
199686
199901
200115
200329
200547
200763
200977
201189
201400
201612
201824
202039
202255
202471
202686
202899
203112
203327
203544
203763
203982
204199
204417
204633
204851
205069
205288
205506
205723
205938
206151
206369
206590
206810
207030
207248
207462
207675
207889
208106
208326
208546
208766
208987
209205
209422
209638
209859
210078
210299
210517
210734
210950
211169
211389
211610
211830
212047
212264
212481
212701
212919
213138
213353
213565
213779
213997
214214
214433
214652
214870
215085
215299
215515
215732
215949
216168
216386
216600
216814
217031
217249
217467
217683
217897
218110
218322
218534
218749
218965
219180
219395
219610
219824
220039
220257
220475
220694
220909
221124
221337
221555
221773
221993
222211
222429
222644
222860
223077
223298
223518
223739
223959
224180
224399
224622
224845
225070
225293
225516
225737
225960
226185
226413
226639
226862
227082
227301
227521
227746
227971
228197
228420
228642
228867
229095
229323
229550
229773
229993
230211
230430
230651
230870
231089
231305
231520
231735
231951
232169
232388
232608
232822
233038
233256
233474
233691
233904
234119
234336
234550
234765
234979
235197
235414
235630
235844
236057
236270
236477
236686
236896
237107
237317
237531
237745
237962
238179
238400
238621
238841
239064
239288
239512
239737
239960
240183
240411
240637
240868
241098
241327
241554
241784
242010
242239
242465
242697
242928
243158
243384
243610
243840
244068
244298
244525
244756
244984
245211
245437
245669
245896
246126
246354
246582
246813
247045
247282
247514
247745
247972
248200
248429
248655
248879
249099
249319
249538
249760
249980
250201
250420
250637
250853
251070
251291
251513
251733
251955
252174
252396
252622
252847
253070
253288
253508
253727
253948
254168
254387
254604
254820
255036
255256
255476
255697
255916
256133
256351
256573
256792
257013
257230
257448
257664
257886
258106
258325
258541
258761
258983
259206
259431
259657
259882
260103
260324
260551
260772
260996
261217
261438
261657
261876
262100
262324
262548
262771
262989
263205
263423
263643
263864
264085
264303
264521
264739
264958
265180
265399
265617
265832
266045
266260
266474
266691
266906
267121
267331
267542
267753
267968
268183
268401
268616
268830
269041
269254
269469
269685
269900
270115
270332
270546
270764
270986
271210
271432
271654
271876
272098
272320
272544
272766
272986
273206
273423
273642
273863
274083
274303
274520
274736
274952
275169
275388
275607
275828
276045
276260
276476
276694
276912
277132
277349
277566
277781
277994
278210
278426
278644
278862
279078
279292
279508
279729
279952
280174
280397
280618
280841
281064
281287
281513
281737
281960
282184
282406
282626
282850
283072
283294
283516
283734
283954
284174
284396
284617
284837
285057
285277
285494
285714
285938
286161
286385
286608
286830
287051
287273
287497
287723
287950
288174
288393
288613
288834
289059
289284
289509
289733
289955
290179
290404
290629
290851
291072
291290
291506
291723
291942
292163
292385
292605
292822
293039
293255
293474
293692
293907
294122
294334
294548
294763
294979
295196
295411
295623
295833
296046
296262
296479
296701
296923
297145
297366
297593
297821
298048
298274
298498
298718
298939
299164
299389
299616
299840
300062
300284
300506
300734
300961
301190
301420
301644
301868
302095
302322
302550
302779
303002
303224
303452
303679
303907
304135
304363
304588
304819
305049
305278
305506
305733
305962
306187
306416
306644
306876
307102
307327
307548
307771
307993
308215
308437
308658
308881
309101
309324
309549
309777
310002
310228
310451
310674
310897
311122
311347
311575
311800
312023
312244
312466
312691
312918
313146
313372
313594
313816
314041
314268
314495
314720
314944
315173
315401
315628
315856
316082
316307
316533
316760
316993
317222
317457
317690
317919
318150
318381
318611
318841
319068
319290
319518
319747
319977
320209
320437
320663
320888
321118
321347
321573
321803
322029
322254
322478
322702
322928
323149
323368
323586
323805
324024
324245
324465
324683
324901
325115
325333
325551
325770
325990
326212
326432
326650
326869
327091
327313
327535
327755
327972
328188
328406
328626
328846
329064
329283
329502
329724
329951
330177
330403
330627
330848
331070
331297
331528
331756
331982
332205
332429
332655
332885
333112
333338
333565
333791
334025
334256
334486
334714
334943
335165
335388
335615
335842
336067
336290
336509
336726
336945
337165
337387
337606
337827
338044
338261
338481
338703
338926
339148
339369
339588
339805
340025
340244
340465
340682
340900
341115
341332
341549
341768
341987
342206
342424
342642
342859
343080
343300
343521
343738
343954
344168
344384
344604
344824
345044
345263
345479
345694
345911
346129
346352
346574
346798
347019
347238
347457
347680
347902
348122
348342
348564
348782
349003
349224
349446
349667
349885
350102
350318
350534
350752
350970
351188
351404
351619
351833
352049
352268
352487
352707
352927
353147
353367
353590
353816
354042
354268
354491
354714
354935
355155
355379
355601
355823
356047
356266
356486
356709
356931
357153
357375
357600
357819
358038
358259
358482
358706
358929
359151
359370
359588
359809
360032
360258
360485
360711
360937
361161
361385
361615
361844
362074
362302
362532
362756
362983
363209
363436
363660
363882
364103
364327
364550
364778
365004
365229
365452
365672
365892
366112
366337
366562
366792
367016
367241
367463
367689
367915
368141
368364
368586
368809
369030
369259
369485
369712
369939
370163
370385
370612
370837
371063
371291
371517
371739
371968
372197
372429
372662
372895
373122
373348
373574
373800
374024
374250
374475
374700
374926
375151
375378
375605
375829
376052
376271
376494
376717
376945
377175
377405
377630
377855
378080
378306
378533
378759
378982
379205
379426
379648
379873
380098
380324
380546
380768
380990
381216
381442
381670
381898
382127
382356
382593
382825
383056
383286
383512
383738
383964
384195
384430
384661
384891
385120
385348
385579
385807
386035
386260
386486
386713
386942
387178
387409
387642
387875
388103
388330
388557
388787
389017
389246
389477
389705
389931
390158
390386
390611
390838
391062
391284
391505
391727
391951
392171
392394
392611
392826
393042
393259
393476
393693
393910
394126
394339
394556
394776
394999
395220
395442
395665
395884
396104
396324
396547
396769
396992
397214
397435
397653
397875
398099
398322
398548
398773
398996
399221
399447
399671
399898
400123
400345
400567
400788
401013
401241
401467
401694
401918
402146
402380
402613
402844
403070
403295
403518
403742
403967
404194
404418
404641
404864
405087
405310
405531
405751
405971
406187
406406
406624
406845
407066
407286
407504
407721
407936
408156
408378
408598
408822
409042
409262
409478
409697
409916
410135
410355
410577
410796
411016
411238
411462
411685
411906
412127
412344
412562
412785
413009
413232
413456
413676
413897
414118
414340
414561
414784
415006
415228
415448
415674
415898
416123
416346
416570
416792
417016
417246
417472
417697
417920
418140
418362
418586
418811
419036
419259
419482
419704
419927
420151
420374
420597
420820
421040
421262
421481
421704
421926
422148
422369
422585
422802
423021
423242
423463
423684
423903
424121
424337
424552
424768
424984
425201
425416
425629
425841
426051
426261
426475
426689
426906
427123
427343
427558
427779
428000
428221
428438
428652
428865
429079
429296
429512
429726
429940
430154
430371
430588
430808
431028
431247
431461
431677
431892
432116
432338
432564
432788
433010
433228
433451
433673
433896
434117
434335
434557
434782
435007
435229
435449
435667
435888
436112
436338
436564
436789
437012
437239
437466
437695
437920
438142
438366
438589
438815
439040
439262
439482
439700
439917
440136
440356
440573
440788
441001
441214
441431
441649
441870
442092
442313
442538
442761
442984
443209
443439
443668
443899
444129
444358
444586
444816
445047
445274
445503
445726
445948
446173
446397
446620
446842
447068
447293
447527
447764
448005
448238
448476
448705
448939
449174
449410
449649
449883
450119
450354
450588
450823
451054
451284
451513
451738
451967
452200
452434
452668
452900
453131
453359
453587
453814
454039
454262
454482
454703
454924
455146
455368
455588
455809
456027
456248
456473
456698
456928
457154
457377
457605
457836
458065
458293
458519
458747
458973
459203
459433
459665
459898
460128
460356
460586
460816
461045
461276
461501
461725
461949
462173
462398
462623
462847
463070
463296
463525
463753
463984
464212
464442
464674
464906
465136
465369
465597
465826
466057
466292
466522
466758
466988
467217
467443
467672
467900
468127
468352
468575
468799
469024
469249
469472
469694
469912
470130
470346
470562
470781
470999
471216
471433
471645
471860
472072
472289
472504
472720
472937
473154
473370
473590
473814
474038
474260
474481
474698
474914
475131
475353
475573
475796
476016
476236
476454
476675
476897
477118
477337
477557
477773
477988
478206
478427
478648
478868
479088
479304
479520
479739
479959
480180
480400
480621
480841
481061
481284
481510
481735
481963
482189
482413
482637
482863
483088
483311
483532
483751
483966
484184
484402
484620
484836
485050
485263
485478
485695
485912
486130
486349
486567
486790
487018
487251
487483
487712
487943
488174
488403
488634
488867
489099
489328
489558
489786
490015
490249
490478
490707
490938
491165
491395
491623
491850
492078
492307
492536
492763
492994
493227
493459
493689
493916
494140
494369
494604
494837
495072
495303
495529
495757
495985
496214
496443
496674
496903
497135
497370
497603
497837
498068
498299
498525
498750
498978
499210
499440
499668
499894
500114
500335
500557
500780
501003
501225
501444
501665
501887
502111
502335
502559
502783
503002
503219
503436
503655
503874
504098
504319
504541
504762
504983
505208
505432
505655
505878
506100
506322
506545
506770
506996
507225
507454
507683
507911
508142
508371
508600
508826
509053
509278
509504
509731
509963
510195
510430
510658
510887
511116
511347
511575
511801
512025
512249
512473
512700
512924
513148
513374
513596
513818
514042
514268
514493
514717
514936
515153
515369
515584
515802
516016
516228
516440
516648
516861
517077
517292
517506
517715
517928
518142
518357
518578
518800
519019
519234
519450
519668
519886
520106
520327
520551
520778
521008
521239
521468
521696
521922
522145
522364
522583
522806
523032
523262
523492
523717
523943
524173
524405
524633
524861
525090
525319
525553
525785
526014
526242
526468
526700
526930
527162
527391
527618
527844
528066
528292
528517
528742
528966
529187
529408
529629
529854
530079
530302
530525
530741
530962
531185
531408
531629
531852
532073
532289
532507
532725
532944
533163
533380
533594
533804
534014
534225
534440
534653
534869
535086
535300
535516
535735
535955
536177
536399
536620
536840
537061
537281
537505
537726
537949
538169
538389
538607
538832
539054
539278
539500
539722
539941
540162
540383
540608
540835
541064
541292
541517
541747
541977
542206
542436
542666
542896
543122
543351
543582
543812
544041
544273
544500
544729
544960
545192
545422
545647
545875
546099
546325
546552
546782
547012
547239
547462
547687
547913
548140
548367
548590
548810
549028
549250
549473
549695
549917
550137
550354
550570
550787
551006
551224
551445
551665
551882
552099
552318
552543
552769
552992
553214
553433
553650
553866
554085
554304
554525
554743
554963
555183
555405
555630
555853
556079
556301
556522
556745
556968
557196
557424
557652
557882
558110
558344
558579
558812
559043
559273
559505
559737
559970
560202
560434
560664
560897
561126
561357
561584
561811
562033
562254
562474
562698
562919
563140
563358
563572
563787
564003
564220
564437
564652
564864
565075
565288
565503
565718
565934
566148
566362
566579
566798
567025
567248
567477
567706
567934
568164
568391
568615
568841
569070
569299
569529
569753
569983
570215
570448
570683
570913
571142
571368
571596
571823
572054
572281
572515
572748
572987
573222
573457
573692
573923
574156
574385
574617
574845
575069
575294
575518
575742
575966
576186
576406
576626
576849
577071
577291
577514
577737
577956
578172
578389
578607
578824
579039
579253
579465
579684
579899
580113
580325
580536
580747
580959
581171
581382
581592
581799
582007
582218
582432
582641
582850
583058
583264
583474
583684
583894
584102
584311
584519
584728
584944
585157
585370
585581
585790
586000
586212
586426
586639
586852
587063
587274
587486
587701
587915
588130
588343
588556
588769
588986
589202
589419
589635
589847
590061
590274
590491
590709
590924
591138
591353
591565
591780
591996
592214
592426
592637
592847
593062
593276
593492
593705
593914
594125
594340
594553
594767
594979
595192
595401
595611
595824
596033
596246
596456
596664
596875
597088
597303
597518
597731
597944
598156
598370
598584
598800
599013
599226
599439
599652
599868
600086
600300
600513
600724
600935
601151
601367
601580
601796
602010
602223
602442
602661
602879
603096
603312
603529
603748
603972
604191
604410
604625
604841
605060
605275
605490
605703
605913
606128
606336
606547
606758
606970
607177
607390
607599
607812
608019
608224
608435
608641
608849
609053
609259
609466
609675
609882
610090
610293
610498
610706
610913
611120
611326
611530
611734
611938
612143
612352
612557
612762
612967
613170
613381
613591
613800
614009
614217
614424
614637
614851
615067
615281
615494
615708
615926
616144
616361
616576
616792
617008
617228
617445
617662
617881
618095
618311
618528
618745
618962
619173
619386
619598
619815
620031
620247
620460
620673
620884
621101
621316
621532
621745
621960
622173
622387
622604
622820
623037
623251
623462
623675
623889
624103
624320
624534
624747
624959
625172
625389
625608
625826
626044
626259
626472
626686
626902
627117
627333
627551
627770
627989
628212
628438
628664
628887
629109
629329
629549
629770
629990
630210
630427
630641
630855
631068
631284
631499
631717
631937
632162
632390
632627
632859
633088
633311
633532
633752
633974
634198
634423
634649
634873
635098
635325
635547
635770
635991
636213
636440
636665
636892
637121
637350
637578
637805
638032
638257
638478
638698
638919
639138
639362
639584
639807
640026
640245
640463
640682
640904
641126
641350
641570
641788
642007
642230
642451
642675
642895
643111
643328
643545
643764
643981
644198
644414
644629
644846
645068
645289
645510
645730
645948
646166
646385
646608
646830
647052
647274
647492
647710
647935
648157
648378
648597
648812
649025
649239
649458
649678
649897
650118
650333
650550
650770
650992
651212
651432
651650
651865
652082
652302
652520
652736
652949
653163
653378
653595
653813
654030
654247
654460
654674
654889
655107
655327
655545
655762
655976
656191
656406
656622
656839
657055
657268
657480
657691
657904
658121
658335
658552
658766
658979
659193
659409
659626
659845
660062
660278
660492
660709
660926
661144
661363
661580
661793
662009
662226
662444
662663
662879
663095
663308
663525
663742
663958
664174
664387
664600
664813
665031
665250
665466
665683
665899
666116
666335
666556
666775
666992
667207
667421
667638
667854
668071
668287
668500
668712
668931
669149
669369
669584
669799
670010
670223
670439
670653
670862
671071
671281
671496
671709
671925
672138
672350
672562
672776
672993
673208
673421
673633
673844
674057
674271
674486
674698
674907
675117
675331
675545
675761
675975
676189
676401
676612
676834
677054
677274
677494
677713
677935
678160
678386
678609
678831
679052
679272
679496
679718
679940
680160
680378
680596
680819
681040
681260
681481
681700
681919
682140
682367
682593
682819
683041
683261
683480
683705
683928
684152
684373
684592
684811
685030
685256
685478
685700
685921
686136
686352
686569
686787
687005
687221
687433
687644
687857
688072
688287
688501
688714
688924
689135
689350
689567
689787
690007
690228
690447
690664
690882
691103
691322
691539
691756
691971
692187
692407
692627
692847
693067
693283
693499
693719
693939
694161
694381
694598
694814
695035
695257
695481
695704
695929
696154
696382
696609
696837
697063
697285
697507
697727
697949
698170
698391
698609
698825
699040
699258
699478
699697
699917
700134
700350
700567
700785
701004
701222
701440
701654
701869
702086
702305
702525
702745
702966
703185
703403
703624
703846
704067
704286
704504
704719
704938
705158
705379
705599
705815
706032
706252
706473
706693
706913
707129
707343
707556
707772
707988
708207
708424
708641
708858
709077
709299
709521
709739
709954
710168
710382
710600
710819
711036
711250
711462
711676
711892
712109
712323
712538
712749
712961
713177
713395
713611
713825
714039
714255
714473
714689
714904
715117
715328
715538
715750
715963
716174
716386
716594
716806
717020
717236
717455
717673
717890
718106
718327
718547
718769
718987
719205
719423
719642
719866
720089
720311
720530
720749
720968
721189
721409
721630
721847
722062
722275
722490
722708
722928
723144
723360
723575
723790
724010
724230
724448
724665
724877
725090
725303
725522
725741
725962
726180
726400
726624
726847
727074
727301
727526
727756
727981
728211
728441
728667
728892
729118
729338
729563
729793
730025
730256
730489
730719
730945
731175
731404
731631
731858
732080
732306
732532
732760
732986
733210
733432
733651
733871
734093
734317
734539
734758
734976
735191
735410
735630
735850
736067
736282
736495
736708
736924
737142
737360
737576
737789
738006
738224
738443
738663
738881
739098
739314
739530
739751
739972
740193
740414
740630
740848
741067
741287
741510
741732
741955
742173
742397
742623
742848
743074
743301
743527
743754
743984
744211
744441
744671
744895
745121
745349
745574
745798
746023
746247
746469
746694
746923
747151
747378
747600
747824
748051
748277
748502
748727
748946
749165
749383
749604
749824
750041
750256
750468
750681
750896
751115
751334
751549
751763
751975
752192
752407
752621
752837
753049
753261
753478
753696
753915
754135
754352
754569
754785
755004
755223
755442
755659
755876
756094
756308
756524
756741
756962
757183
757401
757617
757843
758068
758295
758524
758751
758982
759215
759459
759701
759943
760186
760426
760663
760901
761134
761367
761598
761835
762071
762309
762555
762812
763067
763312
763547
763786
764019
764247
764479
764708
764938
765160
765390
765619
765848
766070
766291
766510
766728
766948
767162
767373
767584
767796
768010
768223
768434
768642
768854
769066
769276
769483
769687
769892
770102
770310
770516
770722
770924
771129
771336
771540
771741
771944
772147
772353
772555
772758
772960
773158
773360
773562
773768
773966
774168
774365
774566
774770
774974
775174
775375
775576
775780
775983
776185
776387
776588
776788
776990
777194
777399
777601
777802
778004
778204
778408
778614
778820
779022
779226
779428
779634
779842
780048
780254
780459
780663
780867
781074
781279
781483
781688
781891
782101
782302
782510
782717
782921
783129
783336
783538
783742
783943
784149
784353
784556
784759
784962
785165
785372
785577
785781
785983
786185
786388
786592
786797
787001
787206
787405
787610
787816
788023
788232
788438
788642
788851
789062
789271
789482
789692
789901
790111
790324
790539
790751
790964
791174
791386
791599
791813
792034
792252
792472
792689
792903
793117
793336
793554
793772
793991
794208
794425
794647
794866
795084
795301
795513
795726
795938
796155
796371
796586
796799
797009
797220
797435
797653
797869
798083
798294
798504
798714
798929
799144
799356
799568
799777
799987
800199
800415
800630
800844
801058
801270
801481
801696
801909
802123
802335
802548
802760
802976
803199
803425
803654
803877
804099
804323
804546
804771
804994
805215
805434
805655
805878
806104
806329
806553
806773
806996
807215
807439
807664
807890
808116
808339
808561
808786
809012
809238
809463
809684
809901
810121
810342
810564
810785
811008
811225
811445
811662
811882
812101
812319
812534
812746
812959
813175
813393
813612
813830
814044
814261
814482
814704
814925
815142
815357
815571
815787
816005
816223
816443
816660
816881
817106
817328
817549
817770
817987
818206
818429
818651
818872
819092
819311
819531
819754
819977
820197
820418
820638
820858
821079
821304
821529
821757
821983
822208
822435
822661
822885
823106
823323
823541
823762
823985
824207
824425
824643
824860
825076
825297
825515
825732
825947
826159
826373
826588
826806
827023
827238
827451
827664
827880
828096
