---
Mammal:            dog
Fs:                500
Integration_level: electrocardiogram

Channels:

    - type:   peak
      name:   Data
      unit:   index
      enable: yes

---

150
384
620
1122
1370
1570
1764
1975
2195
2419
2681
2966
3242
3492
3758
3983
4201
4406
4606
4829
5110
5592
5968
6250
6515
6862
7116
7353
7590
7908
8292
8613
8926
9424
9723
10123
10524
11050
11459
11749
11982
12264
12878
13156
13416
13935
14176
14398
14631
15200
15442
15732
15991
16350
16756
17075
17439
17693
17937
18385
18689
19199
19452
19680
19887
20107
20623
21124
21399
21625
21872
22347
22588
22798
23032
23505
23740
23973
24223
24515
24910
25339
25587
25796
25995
26210
26438
26687
26965
27495
27798
28030
28239
28450
28743
29158
29394
29683
30123
30358
30564
30771
30972
31206
31467
31784
32035
32268
32488
32707
32943
33465
33735
33953
34161
34402
34775
35060
35321
35567
35808
36044
36267
36494
36801
37191
37516
37793
38038
38289
38544
38788
39029
39278
39561
39987
40214
40416
40604
40788
41002
41461
41672
41859
42042
42233
42436
42673
43080
43315
43521
43734
43960
44184
44415
44668
44937
45167
45385
45613
45834
46046
46261
46461
46660
46898
47216
47488
47712
47913
48117
48325
48528
48767
49017
49262
49609
49869
50094
50306
50512
50711
50908
51125
51640
51919
52150
52358
52570
52913
53154
53644
53894
54106
54336
54608
54906
55149
55534
55789
56011
56262
56510
56744
56973
57194
57477
57759
57981
58197
58397
58606
58829
59071
59315
59539
59771
60005
60223
60428
60627
60866
61106
61342
61598
61863
62100
62326
62557
62846
63198
63439
63651
63851
64044
64233
64445
64863
65092
65385
65713
66018
66401
66661
66922
67262
67491
67710
67938
68164
68418
68875
69148
69397
69628
69879
70370
70615
70825
71035
71256
71478
71702
71918
72134
72360
72599
72858
73256
73515
73743
73988
74212
74426
74633
74855
75076
75299
75566
75981
76279
76514
76731
76939
77154
77374
77589
77803
78035
78404
78704
78976
79230
79499
79805
80084
80380
80748
81026
81301
81558
81884
82311
82551
82757
82952
83141
83328
83546
84003
84227
84450
84798
85058
85282
85511
85758
86008
86253
86520
86821
87137
87480
87797
88304
88557
88778
88981
89180
89387
89944
90191
90408
90615
90824
91042
91289
91829
92139
92358
92586
92824
93056
93291
93528
93792
94253
94559
94820
95075
95316
95561
96027
96327
96589
96832
97078
97336
97586
97816
98040
98285
98542
99011
99286
99536
99778
100034
100524
100775
101013
101233
101446
101653
101860
102081
102321
102578
102841
103118
103437
103887
104143
104359
104561
104755
104952
105157
105379
105625
106134
106430
106660
106869
107072
107279
107496
107819
108120
108542
108815
109070
109344
109601
109884
110156
110401
110699
110940
111171
111396
111612
111829
112304
112561
112837
113181
113432
113654
113866
114072
114280
114509
115016
115290
115611
115907
116175
116418
116650
116889
117147
117453
117758
118030
118277
118514
118743
118974
119222
119523
120076
120391
120652
120891
121124
121357
121587
121815
122080
122404
122700
123059
123444
123759
124016
124235
124441
124642
124837
125048
125527
125775
126063
126466
126726
126962
127369
127657
127889
128104
128310
128515
128722
128967
129386
129817
130217
130527
130786
131013
131222
131422
131617
131809
132019
132288
132741
133002
133260
133553
133798
134038
134268
134493
134701
134912
135119
135329
135548
135802
136090
136367
136644
136920
137196
137467
137738
137998
138235
138488
138991
139286
139619
139921
140195
140470
140725
140997
141272
141561
142071
142406
142666
142922
143185
143558
143887
144193
144492
144855
145127
145412
145708
145976
146378
146672
146922
147180
147414
147649
148178
148428
148644
148844
149039
149231
149458
149902
150146
150374
150784
151047
151269
151484
151707
151953
152530
152843
153134
153407
153670
153950
154307
154599
154844
155076
155301
155538
155811
156295
156579
156802
157030
157247
157458
157668
157883
158190
158463
158694
158907
159142
159405
159682
159927
160383
160626
160874
161099
161313
161563
162164
162466
162781
163024
163268
163500
163774
164158
164433
164676
164909
165142
165381
165756
166068
166314
166555
166795
167055
167313
167552
167801
168134
168387
168652
168950
169199
169428
169652
170049
170302
170534
170767
170989
171222
171473
171740
172068
172564
172807
173023
173230
173431
173637
173862
174091
174315
174531
174755
174967
175179
175391
175599
175815
176018
176213
176413
176616
176826
177035
