---
Mammal:            dog
Fs:                500
Integration_level: electrocardiogram

Channels:

    - type:   peak
      name:   Data
      unit:   index
      enable: yes

---

229
536
1032
1352
1614
1879
2204
2490
2753
3029
3376
3631
3912
4194
4521
4802
5079
5355
5639
5898
6142
6406
6727
6997
7246
7521
7823
8093
8363
8697
8974
9242
9532
9863
10144
10453
10750
11030
11312
11621
11897
12167
12422
12659
12894
13135
13479
13765
14035
14314
14619
14884
15160
15458
15719
15986
16241
16555
16838
17116
17449
17731
18022
18370
18667
18956
19253
19554
19841
20124
20453
20763
21043
21330
21679
21945
22275
22555
22938
23221
23503
23790
24155
24442
24725
25049
25387
25674
25976
26448
26746
27060
27364
27646
27973
28262
28565
28887
29177
29467
29762
30039
30313
30597
30909
31184
31460
31733
31996
32239
32494
32801
33046
33333
33602
33955
34235
34507
34772
35028
35511
35853
36176
36531
36814
37107
37446
37788
38092
38401
38716
39007
39329
39694
39983
40302
40619
40912
41220
41614
41904
42215
42537
42825
43112
43404
43683
43964
44284
44612
44890
45171
45467
45738
46025
46362
46686
46966
47232
47524
47848
48126
48407
48748
48985
49354
49696
50000
50283
50599
50921
51203
51487
51841
52119
52409
52698
52974
53254
53605
53880
54160
54479
54780
55047
55329
55637
55909
56200
56563
56848
57153
57580
57886
58195
58474
58751
59026
59328
59673
59958
60315
60605
60896
61188
61474
61752
62030
62307
62633
62925
63170
63476
63810
64122
64419
64731
65020
65312
65600
65878
66193
66466
66771
67078
67355
67655
68041
68329
68641
68934
69220
69507
69812
70149
70451
70739
71029
71306
71580
71872
72143
72433
72798
73095
73400
73731
74019
74326
74618
74918
75288
75573
75877
76193
76492
76808
77098
77389
77662
77930
78183
78417
78665
78910
79143
79392
79663
79917
80161
80411
80672
80922
81172
81466
81723
81988
82283
82576
82839
83114
83421
83661
83941
84221
84504
84983
85308
85665
85998
86302
86622
87014
87331
87700
87949
88235
88531
88986
89305
89605
89917
90309
90618
90919
91301
91567
91926
92279
92599
92879
93166
93521
93790
94098
94429
94777
95076
95390
95800
96112
96413
96745
97040
97335
97652
97945
98236
98528
98808
99077
99315
99535
99744
99950
100200
100538
100934
101321
101664
101964
102247
102503
102735
102967
103223
103470
103718
103994
104424
104704
104988
105275
105549
105844
106190
106607
106942
107397
107713
108055
108384
108694
109121
109387
109735
110194
110527
110864
111187
111494
111822
112126
112541
112804
113116
113569
113891
114185
114472
114752
115030
115324
115726
116023
116383
116763
117077
117388
117679
117977
118425
118745
119092
119408
119715
120124
120428
120726
121074
121352
121649
122002
122247
122605
122946
123249
123534
123825
124103
124377
124680
124970
125239
125533
125876
126147
126427
126716
126992
127267
127539
127819
128161
128424
128721
129016
129305
129598
129896
130258
130568
130856
131140
131417
131692
131997
132311
132597
132919
133294
133601
133913
134307
134566
134938
135300
135621
135997
136346
136661
136986
137318
137616
137972
138300
