---
Mammal:            rabbit
Fs:                1000
Integration_level: electrocardiogram

Channels:

    - type:   peak
      name:   Data
      unit:   index
      enable: yes

---

125
350
571
789
1012
1229
1453
1676
1897
2118
2342
2567
2798
3022
3245
3469
3694
3916
4136
4358
4578
4809
5036
5261
5486
5708
5934
6155
6382
6609
6833
7060
7284
7509
7735
7960
8185
8411
8638
8861
9087
9308
9534
9758
9979
10207
10431
10657
10882
11106
11331
11557
11783
12008
12234
12460
12683
12904
13129
13356
13583
13809
14035
14261
14487
14715
14941
15168
15395
15622
15849
16076
16302
16530
16757
16985
17212
17439
17668
17897
18127
18355
18585
18814
19043
19273
19502
19732
19961
20190
20419
20649
20876
21106
21336
21565
21794
22024
22254
22482
22711
22940
23169
23397
23626
23856
24082
24312
24542
24770
25000
25228
25458
25687
25911
26144
26373
26602
26827
27059
27289
27518
27746
27977
28205
28435
28667
28895
29125
29355
29585
29815
30046
30278
30510
30743
30976
31208
31440
31671
31902
32130
32358
32592
32824
33054
33285
33516
33746
33977
34203
34428
34649
34878
35104
35337
35568
35802
36034
36262
36493
36724
36953
37184
37413
37644
37873
38104
38333
38563
38790
39016
39241
39464
39682
39901
40119
40338
40563
40782
41008
41234
41466
41699
41928
42156
42384
42616
42846
43074
43304
43533
43762
43992
44221
44451
44681
44911
45141
45370
45599
45829
46059
46288
46518
46747
46977
47207
47436
47667
47897
48127
48356
48586
48817
49047
49276
49507
49737
49963
50191
50411
50643
50868
51105
51333
51562
51790
52019
52247
52476
52704
52933
53162
53390
53619
53847
54075
54306
54535
54765
54996
55227
55457
55689
55920
56150
56381
56611
56840
57070
57300
57529
57758
57987
58213
58440
58661
58881
59100
59314
59527
59736
59945
60155
60364
60569
60776
60982
61196
61414
61634
61860
62086
62306
62526
62748
62970
63193
63421
63652
63877
64102
64328
64554
64780
65008
65235
65463
65689
65917
66145
66372
66600
66828
67054
67282
67509
67736
67964
68191
68420
68647
68874
69104
69332
69562
69793
70022
70251
70480
70709
70937
71161
71387
71609
71831
72053
72277
72505
72731
72959
73180
73411
73635
73863
74093
74315
74548
74776
75004
75232
75459
75688
75918
76148
76379
76610
76841
77073
77308
77540
77773
78007
78241
78474
78709
78942
79174
79406
79639
79871
80103
80335
80566
80799
81031
81265
81498
81732
81965
82199
82433
82668
82901
83135
83369
83603
83836
84070
84302
84535
84769
85001
85236
85470
85705
85939
86174
86409
86643
86877
87110
87335
87565
87798
88029
88259
88487
88721
88952
89189
89421
89654
89887
90120
90354
90587
90822
91055
91289
91520
91746
91972
92201
92438
92665
92892
93116
93338
93568
93790
94012
94232
94453
94672
94899
95119
95340
95563
95785
96009
96239
96459
96681
96905
97131
97362
97592
97830
98060
98291
98522
98753
98984
99216
99447
99677
99903
100134
100358
100584
100811
101038
101264
101492
101718
101944
102171
102403
102632
102856
103085
103320
103550
103783
104017
104247
104477
104708
104939
105170
105401
105632
105864
106095
106328
106560
106793
107026
107259
107491
107721
107953
108184
108416
108647
108880
109112
109346
109579
109812
110045
110278
110511
110743
110977
111211
111445
111679
111915
112153
112388
112623
112859
113095
113329
113561
113789
114029
114263
114495
114729
114960
115191
115422
115646
115874
116096
116323
116547
116783
117009
117234
117463
117688
117922
118151
118383
118621
118852
119082
119313
119544
119776
120007
120238
120470
120701
120934
121166
121398
121632
121864
122099
122332
122566
122800
123033
123267
123502
123735
123968
124201
124434
124666
124895
125121
125353
125591
125822
126053
126285
126517
126750
126982
127216
127449
127684
127917
128153
128386
128619
128853
129087
129320
129554
129787
130021
130254
130490
130725
130959
131194
131430
131665
131900
132136
132372
132607
132845
133081
133318
133554
133789
134026
134261
134496
134731
134964
135199
135433
135667
135900
136129
136357
136580
136817
137042
137278
137519
137751
137986
138218
138451
138686
138920
139155
139390
139625
139860
140094
140329
140563
140795
141029
141263
141498
141732
141969
142204
142440
142675
142912
143148
143384
143621
143857
144094
144330
144566
144802
145037
145275
145511
145748
145983
146221
146457
146693
146929
147164
147399
147634
147869
148104
148338
148571
148803
149038
149270
149503
149736
149970
150204
150437
150671
150906
151140
151374
151609
151842
152076
152311
152544
152777
153011
153246
153481
153714
153949
154183
154416
154651
154886
155121
155357
155592
155827
156062
156297
156533
156768
157002
157239
157474
157709
157944
158180
158415
158650
158885
159120
159355
159590
159823
160057
160291
160526
160760
160993
161227
161464
161700
161936
162174
162411
162649
162887
163127
163364
163603
163841
164080
164318
164556
164792
165020
165245
165474
165695
165918
166147
166376
166606
166840
167071
167310
167537
167770
168000
168234
168466
168698
168928
169163
169392
169622
169850
170080
170314
170550
170784
171016
171247
171479
171712
171946
172178
172413
172647
172880
173114
173349
173583
173817
174052
174287
174521
174757
174993
175228
175461
175697
175932
176168
176402
176637
176873
177107
177341
177574
177806
178038
178270
178500
178728
178962
179194
179428
179659
179893
180125
180358
180591
180824
181058
181293
181527
181762
182000
182236
182473
182710
182948
183184
183420
183657
183891
184127
184362
184598
184834
185070
185306
185543
185779
186017
186255
186494
186731
186970
187209
187447
187685
187924
188162
188399
188639
188876
189112
189350
189588
189824
190061
190298
190536
190773
191009
191247
191484
191722
191962
192200
192438
192679
192918
193158
193398
193638
193878
194116
194356
194595
194833
195071
195310
195550
195789
196028
196268
196508
196748
196988
197227
197466
197706
197946
198184
198424
198664
198903
199143
199383
199624
199865
200106
200348
200588
200831
201073
201314
201556
201796
202035
202276
202515
202752
202990
203227
203463
203701
203936
204171
204407
204643
204878
205113
205349
205584
205821
206059
206296
206534
206773
207011
207251
207491
207729
207966
208206
208443
208679
208916
209153
209389
209626
209861
210096
210332
210569
210804
211039
211275
211512
211748
211984
212220
212457
212694
212930
213167
213403
213639
213876
214112
214346
214581
214817
215053
215286
215523
215757
215993
216228
216463
216698
216933
217168
217404
217640
217877
218115
218353
218590
218830
219068
219307
219545
219782
220018
220255
220491
220727
220963
221197
221433
221667
221900
222134
222370
222604
222840
223078
223315
223552
223790
224029
224268
224507
224746
224983
225219
225457
225695
225932
226168
226407
226643
226877
227115
227350
227588
227826
228064
228301
228538
228776
229014
229250
229487
229725
229960
230195
230428
230660
230898
231132
231368
231603
231837
232075
232311
232549
232788
233027
233267
233507
233747
233989
234229
234470
234712
234955
235197
235441
235683
235925
236166
236408
236648
236889
237131
237373
237613
237855
238097
238337
238576
238817
239055
239292
239529
239767
240002
240239
240474
240712
240947
241184
241420
241656
241892
242129
242366
242602
242838
243075
243311
243547
243783
244018
244254
244488
244722
244957
245190
245423
245658
245891
246126
246360
246593
246826
247060
247295
247529
247764
247998
248233
248468
248704
248941
249177
249414
249653
249891
250129
250369
250608
250847
251086
251327
251566
251806
252046
252288
252528
252768
253009
253248
253487
253724
253962
254199
254436
254674
254911
255147
255384
255620
255854
256090
256326
256561
256795
257030
257266
257503
257738
257975
258213
258450
258688
258927
259166
259405
259646
259885
260124
260364
260604
260843
261084
261323
261561
261799
262036
262275
262512
262749
262984
263220
263455
263686
263918
264149
264380
264619
264855
265087
265321
265554
265787
266021
266255
266488
266722
266954
267188
267422
267655
267888
268121
268354
268587
268820
269053
269287
269520
269754
269989
270223
270459
270694
270929
271165
271401
271639
271874
272111
272347
272584
272822
273060
273298
273536
273773
274013
274250
274487
274726
274963
275200
275436
275673
275910
276146
276383
276619
276855
277092
277326
277561
277794
278030
278265
278499
278735
278969
279204
279439
279675
279910
280145
280380
280615
280849
281083
281318
281551
281785
282015
282249
282475
282699
282924
283159
283389
283626
283862
284095
284327
284561
284794
285028
285263
285500
285738
285975
286213
286452
286691
286929
287169
287407
287647
287886
288126
288366
288605
288843
289082
289319
289555
289790
290024
290257
290482
290712
290934
291154
291375
291587
291802
292010
292224
292433
292641
292844
293049
293253
293458
293665
293876
294086
294299
294517
294737
294959
295200
295426
295654
295884
296114
296348
296585
296824
297063
297304
297546
297787
298028
298269
298510
298751
298990
299232
299473
299713
299952
300191
300431
300671
300909
301147
301384
301623
301859
302100
302338
302578
302818
303058
303297
303536
303776
304015
304253
304492
304733
304973
305213
305453
305692
305931
306171
306411
306650
306887
307127
307363
307599
307839
308075
308311
308546
308782
309015
309249
309482
309714
309947
310180
310414
310648
310880
311114
311348
311581
311814
312049
312283
312517
312752
312987
313223
313458
313695
313932
314167
314402
314639
314875
315108
315342
315576
315811
316043
316278
316511
316744
316977
317211
317447
317680
317916
318151
318389
318625
318862
319099
319335
319570
319807
320041
320275
320511
320745
320978
321211
321443
321678
321910
322143
322377
322611
322843
323076
323309
323540
323772
324005
324237
324469
324703
324937
325171
325404
325640
325876
326110
326346
326579
326813
327048
327281
327515
327748
327981
328215
328448
328680
328911
329138
329372
329603
329834
330064
330294
330525
330755
330986
331217
331447
331677
331908
332140
332372
332603
332835
333065
333296
333525
333756
333983
334211
334439
334671
334897
335130
335359
335590
335817
336046
336273
336496
336719
336938
337161
337387
337608
337829
338046
338270
338488
338708
338926
339145
339362
339590
339815
340052
340278
340504
340730
340957
341186
341415
341644
341871
342100
342329
342558
342776
343001
343223
343446
343664
343895
344121
344346
344576
344811
345037
345265
345494
345723
345951
346185
346419
346652
346891
347132
347372
347613
347856
348096
348338
348578
348816
349054
349291
349530
349765
349999
350234
350471
350705
350941
351177
351414
351651
351888
352124
352364
352601
352840
353078
353315
353554
353792
354028
354267
354504
354742
354981
355220
355459
355700
355941
356180
356420
356660
356898
357135
357374
357612
357847
358084
358319
358554
358788
359023
359256
359488
359716
359943
360173
360401
360638
360876
361106
361338
361570
361801
362030
362252
362483
362708
362938
363175
363404
363634
363865
364097
364328
364561
364794
365026
365258
365492
365726
365961
366196
366430
366666
366901
367136
367370
367605
367841
368076
368311
368547
368783
369015
369252
369487
369721
369955
370190
370424
370657
370892
371126
371360
371595
371830
372066
372303
372538
372773
373010
373247
373482
373720
373957
374194
374430
374667
374904
375139
375375
375611
375845
376078
376315
376549
376785
377022
377257
377493
377728
377961
378200
378434
378671
378908
379145
379383
379618
379857
380090
380329
380566
380801
381038
381273
381507
381742
381976
382210
382442
382674
382907
383140
383366
383599
383829
384055
384282
384512
384743
384979
385212
385443
385676
385909
386144
386380
386615
386853
387092
387332
387572
387812
388054
388296
