---
Mammal:            rabbit
Fs:                1000
Integration_level: electrocardiogram

Channels:

    - type:   peak
      name:   Data
      unit:   index
      enable: yes

---

85
360
635
906
1177
1449
1722
1991
2263
2535
2805
3073
3343
3613
3878
4141
4405
4669
4931
5193
5455
5715
5975
6234
6493
6757
7018
7277
7538
7800
8063
8322
8581
8841
9103
9367
9632
9898
10167
10440
10715
10990
11265
11545
11823
12101
12378
12660
12939
13214
13489
13766
14043
14324
14604
14889
15173
15452
15730
16010
16285
16559
16834
17114
17392
17671
17953
18234
18511
18789
19070
19345
19618
19892
20165
20434
20697
20961
21226
21489
21753
22019
22290
22559
22829
23099
23374
23648
23922
24198
24471
24748
25024
25301
25576
25854
26135
26414
26691
26967
27244
27521
27795
28067
28346
28623
28904
29183
29470
29755
30041
30322
30606
30888
31167
31439
31711
31982
32255
32524
32796
33068
33338
33612
33895
34176
34459
34747
35036
35321
35604
35888
36170
36449
36729
37007
37285
37564
37838
38112
38385
38659
38927
39196
39467
39738
40009
40280
40554
40829
41105
41380
41654
41932
42209
42486
42761
43037
43314
43594
43875
44154
44436
44723
45015
45300
45584
45875
46166
46451
46738
47026
47314
47598
47885
48178
48468
48757
49048
49344
49638
49928
50222
50517
50811
51103
51398
51692
51984
52268
52551
52836
53115
53392
53670
53951
54234
54515
54802
55091
55376
55655
55932
56210
56485
56757
57028
57302
57575
57847
58120
58395
58669
58944
59218
59499
59781
60063
60343
60626
60912
61198
61481
61762
62042
62323
62602
62882
63165
63450
63736
64020
64307
64595
64883
65166
65454
65741
66024
66313
66605
66894
67179
67466
67749
68032
68314
68596
68874
69150
69425
69702
69977
70249
70522
70792
71059
71325
71588
71852
72118
72384
72649
72917
73188
73457
73720
73985
74251
74516
74781
75051
75322
75595
75871
76147
76424
76702
76981
77258
77537
77814
78087
78363
78632
78896
79158
79418
79678
79937
80203
80472
80746
81023
81299
81579
81863
82146
82429
82713
82993
83266
83537
83806
84073
84338
84602
84864
85125
85386
85648
85910
86172
86434
86696
86956
87214
87470
87726
87981
88234
88487
88743
89003
89264
89525
89793
90065
90340
90615
90888
91165
91445
91723
92003
92280
92559
92837
93118
93401
93690
93981
94273
94564
94856
95153
95447
95737
96026
96317
96603
96880
97158
97441
97722
98003
98290
98582
98871
99158
99447
99731
100012
100294
100578
100861
101141
101419
101699
101977
102258
102536
102823
103112
103407
103695
103984
104268
104549
104825
105098
105374
105651
105931
106212
106496
106781
107065
107348
107633
107920
108206
108490
108771
109057
109342
109632
109921
110210
110502
110788
111071
111358
111642
111924
112205
112485
112761
113038
113324
113610
113894
114179
114464
114746
115024
115304
115581
115860
116134
116406
116678
116948
117217
117486
117754
118017
118279
118539
118799
119058
119317
119575
119831
120088
120344
120600
120858
121120
121384
121647
121914
122183
122453
122729
123004
123282
123562
123846
124133
124421
124710
124996
125288
125577
125867
126153
126443
126734
127026
127316
127606
127899
128190
128479
128769
129062
129352
129638
129928
130217
130500
130782
131066
131350
131630
131908
132188
132467
132745
133022
133302
133584
133865
134141
134417
134691
134961
135234
135507
135795
136092
136385
136674
136967
137262
137554
137839
138123
138411
138698
138981
139265
139553
139841
140126
140408
140700
140991
141280
141566
141854
142141
142430
142718
143005
143297
143588
143876
144163
144451
144737
145019
145299
145584
145868
146152
146434
146725
147018
147301
147580
147857
148132
148405
148678
148956
149239
149519
149799
150083
150372
150663
150956
151253
151549
151846
152139
152432
152721
153004
153279
153557
153836
154113
154389
154666
154947
155229
155508
155789
156069
156345
156621
156893
157168
157443
157718
157997
158279
158565
158850
159136
159419
159706
159996
160283
160571
160858
161143
161429
161717
162003
162286
162573
162857
163138
163416
163701
163987
164273
164562
164859
165153
165444
165738
166032
166327
166619
166912
167205
167488
167768
168049
168329
168605
168877
169146
169415
169681
169944
170206
170466
170726
170983
171240
171495
171751
172010
172274
172539
172809
173086
173367
173651
173935
174215
174498
174783
175068
175352
175638
175928
176218
176511
176802
177098
177393
177686
177978
178272
178563
178851
179130
179408
179682
179951
180220
180490
180760
181026
181294
181563
181833
182102
182371
182641
182910
183178
183444
183711
183978
184247
184518
184786
185055
185325
185592
185856
186117
186379
186641
186903
187165
187426
187685
187944
188204
188466
188739
189015
189296
189576
189856
190138
190420
190702
190983
191265
191550
191829
192109
192392
192677
192965
193253
193539
193826
194118
194408
194695
194981
195270
195558
195845
196124
196399
196673
196945
197217
197486
197758
198028
198295
198566
198839
199110
199375
199637
199896
200150
200401
200652
200899
201145
201393
201642
201894
202151
202411
202679
202953
203227
203506
203779
204047
204317
204588
204855
205123
205390
205660
205930
206203
206479
206754
207034
207314
207592
207870
208149
208427
208707
208986
209262
209544
209829
210113
210397
210682
210968
211248
211522
211804
212085
212370
212653
212937
213222
213507
213789
214072
214353
214631
214907
215182
215451
215720
215986
216250
216514
216774
217033
217287
217542
217798
218054
218309
218564
218819
219078
219338
219596
219858
220120
220389
220658
220930
221207
221487
221770
222053
222339
222626
222909
223199
223487
223776
224062
224348
224640
224929
225216
225502
225792
226078
226363
226646
226931
227216
227503
227786
228073
228364
228654
228946
229236
229529
229825
230117
230408
230695
230977
231254
231525
231794
232064
232333
232602
232872
233141
233410
233681
233956
234227
234497
234766
235035
235306
235577
235848
236116
236388
236675
236985
237277
237576
237871
238176
238479
238780
239077
239374
239676
239976
240274
240567
240863
241156
241441
241718
241997
242279
242567
242868
243166
243465
243774
244080
244387
244689
244996
245300
245600
245900
246200
246498
246797
247097
247396
247692
247980
248260
248542
248823
249104
249385
249669
249971
250300
250612
250915
251218
251516
251818
252119
252414
252703
252988
253274
253571
253864
254156
254448
254744
255053
255355
255662
255968
256280
256600
256914
257225
257533
257844
258146
258449
258762
259074
259390
259713
260039
260354
260663
260974
261285
261584
261874
262169
262473
262759
263045
263329
263626
263915
264206
264491
264775
265060
265348
265637
265920
266203
266481
266764
267062
267371
267674
267976
268276
268580
268901
269217
269532
269843
270152
270470
270781
271091
271398
271705
272017
272325
272628
272926
273215
273506
273790
274079
274366
274671
274995
275306
275621
275934
276247
276563
276871
277172
277448
277713
277995
278301
278615
278941
279288
279619
279945
280263
280590
280915
281236
281551
281862
282156
282450
282751
283048
283346
283645
283944
284250
284546
284832
285106
285379
285657
285932
286209
286495
286792
287123
287433
287743
288052
288360
288672
288970
289248
289519
289790
290071
290351
290629
290908
291187
291470
291751
292027
292295
292563
292836
293112
293384
293653
293921
294196
294466
294736
295005
295276
295550
295826
296100
296370
296639
296906
297180
297461
297738
298018
298300
298579
298860
299136
