---
Mammal:            rabbit
Fs:                1000
Integration_level: electrocardiogram

Channels:

    - type:   peak
      name:   Data
      unit:   index
      enable: yes

---

77
300
521
745
969
1193
1413
1637
1858
2079
2303
2526
2747
2970
3191
3414
3633
3853
4073
4297
4518
4739
4961
5180
5404
5630
5856
6080
6305
6528
6752
6973
7199
7423
7646
7872
8093
8319
8540
8761
8983
9205
9429
9652
9877
10100
10327
10553
10778
11001
11225
11449
11669
11893
12117
12341
12562
12783
13001
13218
13439
13657
13878
14097
14315
14536
14763
14990
15220
15452
15681
15909
16145
16374
16604
16829
17058
17285
17513
17741
17968
18195
18416
18640
18861
19086
19307
19524
19741
19960
20178
20399
20617
20836
21051
21270
21488
21706
21925
22140
22359
22577
22796
23015
23233
23449
23663
23880
24097
24313
24528
24740
24953
25167
25384
25601
25821
26046
26274
26501
26732
26957
27184
27408
27627
27844
28067
28288
28511
28731
28953
29173
29391
29609
29827
30045
30261
30478
30696
30914
31134
31356
31576
31793
32014
32235
32458
32681
32904
33127
33351
33580
33805
34034
34262
34490
34720
34950
35177
35400
35624
35853
36080
36307
36533
36758
36980
37204
37425
37645
37862
38076
38290
38509
38727
38946
39170
39393
39612
39832
40054
40276
40498
40716
40931
41143
41358
41573
41785
41998
42206
42415
42626
42839
43052
43267
43483
43701
43921
44143
44363
44583
44802
45018
45233
45451
45669
45890
46108
46323
46540
46759
46978
47198
47416
47635
47853
48074
48297
48519
48741
48963
49187
49414
49639
49861
50091
50313
50536
50762
50984
51207
51430
51649
51870
52092
52317
52543
52766
52986
53206
53427
53651
53874
54096
54317
54538
54759
54982
55207
55431
55658
55881
56105
56325
56550
56775
57002
57230
57457
57680
57902
58125
58351
58574
58797
59017
59233
59449
59665
59883
60101
60319
60534
60747
60960
61175
61394
61614
61834
62050
62265
62481
62697
62913
63130
63346
63563
63781
64004
64226
64448
64671
64891
65108
65328
65550
65771
65993
66214
66432
66652
66875
67098
67324
67548
67772
67994
68217
68443
68670
68897
69120
69344
69574
69803
70030
70257
70484
70707
70932
71159
71382
71608
71834
72055
72274
72494
72716
72937
73160
73381
73598
73815
74036
74257
74478
74696
74911
75125
75342
75558
75773
75988
76200
76412
76625
76844
77061
77278
77496
77713
77928
78147
78369
78595
78818
79041
79261
79482
79705
79926
80148
80370
80589
80810
81033
81261
81488
81715
81941
82165
82391
82619
82846
83071
83295
83519
83749
83980
84211
84445
84676
84905
85136
85365
85594
85823
86052
86276
86497
86722
86946
87169
87395
87617
87840
88067
88289
88514
88735
88954
89172
89393
89616
89836
90058
90279
90496
90715
90933
91154
91376
91596
91815
92032
92249
92471
92690
92911
93132
93353
93571
93788
94011
94230
94450
94668
94883
95101
95321
95543
95764
95987
96206
96425
96644
96864
97084
97301
97516
97732
97951
98169
98388
98606
98823
99035
99256
99480
99703
99925
100143
100360
100580
100798
101022
101247
101469
101693
101913
102136
102358
102583
102807
103029
103251
103468
103687
103910
104129
104353
104577
104799
105021
105244
105469
105694
105917
106140
106359
106579
106804
107027
107253
107478
107702
107926
108149
108373
108596
108819
109044
109265
109487
109713
109937
110164
110386
110611
110831
111049
111273
111498
111729
111953
112177
112401
112626
112853
113081
113305
113530
113755
113983
114213
114445
114674
114903
115131
115354
115575
115797
116020
116242
116467
116685
116906
117127
117350
117574
117800
118023
118245
118470
118694
118917
119139
119357
119574
119793
120013
120233
120455
120676
120896
121116
121337
121559
121781
122004
122224
122442
122664
122884
123107
123328
123545
123761
123977
124194
124411
124630
124849
125069
125287
125506
125734
125968
126199
126431
126659
126883
127108
127331
127558
127783
128005
128225
128446
128669
128892
129113
129338
129561
129782
130008
130236
130468
130702
130928
131155
131375
131599
131830
132060
132290
132524
132759
132992
133223
133455
133686
133913
134139
134362
134581
134804
135026
135254
135484
135714
135942
136169
136400
136629
136857
137085
137309
137532
137759
137984
138214
138441
138668
138892
139115
139341
139567
139797
140027
140256
140485
140713
140942
141171
141400
141629
141861
142091
142320
142547
142778
143009
143243
143469
143700
143933
144166
144401
144640
144877
145115
145351
145586
145819
146049
146277
146503
146731
146959
147190
147421
147650
147875
148102
148329
148556
148782
149005
149224
149442
149663
149885
150107
150329
150547
150771
150994
151215
151439
151661
151887
152111
152333
152556
152780
153004
153224
153444
153668
153892
154113
154336
154555
154773
154994
155212
155430
155648
155868
156091
156316
156543
156768
156993
157215
157435
157657
157878
158102
158325
158548
158775
159000
159225
159447
159668
159886
160105
160326
160546
160766
160987
161203
161420
161643
161864
162085
162304
162523
162739
162958
163178
163397
163616
163836
164052
164267
164486
164704
164925
165142
165354
165569
165785
166001
166218
166432
166644
166858
167070
167287
167505
167723
167940
168153
168367
168583
168800
169017
169236
169456
169679
169905
170127
170349
170570
170788
171007
171225
171442
171657
171870
172084
172299
172513
172725
172938
173156
173370
173592
173813
174041
174268
174496
174726
174947
175171
175398
175620
175844
176069
176293
176517
176739
176963
177186
177404
177627
177847
178070
178293
178512
178734
178957
179183
179409
179633
179857
180086
180311
180534
180754
180974
181198
181421
181646
181874
182101
182327
182553
182779
183006
183236
183468
183705
183947
184189
184431
184688
184948
185220
185482
185735
185983
186235
186492
186764
187035
187288
187534
187780
188018
188261
188500
188750
188999
189250
189500
189755
190006
190257
190498
190741
190979
191220
191460
191703
191946
192186
192430
192682
192924
193168
193408
193648
193883
194119
194357
194597
194837
195077
195319
195564
195807
196047
196282
196519
196757
196989
197223
197458
197696
197932
198168
198397
198627
198858
199093
199330
199568
199802
200035
200268
200510
200744
200979
201214
201447
201680
201914
202143
202372
202603
202833
203063
203295
203520
203752
203987
204232
204490
204739
204997
205243
205490
205730
205969
206216
206460
206699
206931
207167
207402
207638
207882
208136
208398
208644
208888
209126
209362
209599
209854
210108
210363
210606
210847
211087
211345
211598
211850
212108
212383
212685
212980
213237
213490
213730
213970
214213
214457
214695
214935
215173
215412
215644
215883
216116
216357
216613
216859
217097
217326
217557
217788
218023
218258
218492
218723
218958
219201
219443
219685
219923
220158
220389
220627
220863
221098
221336
221576
221808
222043
222276
222512
222744
222974
223204
223429
223660
223902
224133
224377
224616
224852
225084
225315
225550
225789
226030
226283
226573
226945
227236
227481
227715
227949
228178
228410
228651
228905
229149
229397
229650
229897
230138
230393
230643
230888
231128
231362
231598
231836
232071
232302
232536
232770
233012
233253
233493
233724
233957
234190
234438
234671
234901
235136
235363
235591
235820
236051
236274
236505
236745
236988
237376
237667
237913
238146
238380
238612
238841
239076
239312
239556
239802
240049
240289
240523
240752
240982
241210
241442
241677
241908
242142
242369
242601
242834
243638
243929
244216
244455
244697
244928
245155
245380
245602
245819
246034
246245
246458
246669
246882
247090
247302
247508
247716
247925
248132
248338
248542
248748
248951
249159
249362
249569
249776
249979
250183
250390
250596
250805
251014
251228
251443
251657
251872
252088
252512
252723
252933
253139
253350
253557
253765
253969
254175
254384
254590
254800
255009
255215
255420
255626
255833
256040
256245
256450
256652
256857
257061
257269
257478
257689
257900
258110
258320
258530
258740
258952
259160
259370
259578
259785
259990
260199
260408
260617
260825
261028
261232
261437
261640
261845
262053
262260
262465
262667
262869
263074
263281
263484
263688
263889
264093
264298
264504
264707
264910
265117
265322
265526
265728
265931
266132
266337
266540
266739
266939
267139
267342
267545
267743
267944
268146
268344
268548
268752
268952
269152
269349
269550
269751
269951
270153
270354
270555
270755
270956
271159
271359
271560
271758
271957
272156
272356
272557
272758
272957
273156
273357
273558
273758
273959
274158
274356
274556
274758
274961
275163
275363
275563
275762
275965
276166
276375
276583
276790
276998
277203
277409
277615
277826
278035
278244
278454
278660
278865
279072
279280
279489
279697
279902
280110
280318
280524
280733
280940
281150
281357
281566
281774
281982
282198
282410
282623
282836
283048
283262
283473
283683
283891
284099
284308
284517
284727
284936
285141
285347
285552
285758
285967
286173
286379
286583
286792
287001
287209
287419
287626
287832
288043
288254
288463
288672
288879
289086
289298
289509
289721
289930
290148
290362
290577
290791
291003
291213
291421
291629
291838
292050
292259
292468
292678
292887
293096
293312
293527
293740
293951
294163
294375
294588
294801
295011
295223
295431
295641
295851
296065
296278
296491
296701
296909
297115
297321
297528
297736
297945
298154
298363
298568
298776
298988
299196
299402
299611
299815
300020
300228
300438
300648
300858
301065
301274
301484
301696
301907
302116
302325
302534
302746
302962
303176
303390
303604
303815
304026
304241
304453
304663
304874
305083
305292
305505
305718
305930
306147
306367
306588
306809
307037
307263
307488
307710
307928
308144
308364
308583
308801
309022
309240
309458
309678
309898
310117
310337
310552
310766
310980
311196
311413
311630
311846
312059
312276
312492
312709
312926
313143
313356
313568
313780
313994
314209
314422
314637
314851
315065
315278
315495
315714
315931
316148
316365
316580
316798
317018
317237
317455
317672
317886
318098
318316
318532
318749
318961
319177
319389
319607
319822
320039
320255
320471
320685
320900
321118
321334
321553
321767
321981
322192
322405
322619
322834
323046
323257
323467
323679
323893
324106
324317
324525
324733
324944
325158
325369
325581
325792
326001
326207
326418
326626
326835
327043
327250
327456
327665
327873
328080
328288
328493
328698
328906
329114
329323
329528
329735
329937
330147
330355
330568
330780
330990
331201
331415
331627
331840
332050
332259
332467
332681
332893
333106
333317
333527
333735
333945
334157
334369
334580
334793
335003
335214
335427
335640
335853
336067
336277
336487
336700
336912
337122
337332
337541
337748
337959
338173
338386
338597
338809
339018
339228
339443
339653
339864
340078
340288
340499
340713
340923
341133
341342
341550
341760
341972
342185
342396
342606
342817
343027
343240
343453
343665
343876
344085
344294
344503
344714
344925
345133
345341
345547
345754
345963
346178
346396
346618
346842
347066
347298
347526
347754
347977
348200
348419
348636
348856
349076
349294
349513
349731
349952
350172
350396
350616
350842
351064
351283
351502
351724
351948
352170
352391
352611
352832
353053
353271
353490
353709
353922
354135
354349
354565
354781
354997
355210
355420
355628
355838
356051
356263
356474
356684
356891
357098
357308
357519
357728
357937
358146
358353
358561
358774
358986
359197
359407
359615
359820
360028
360238
360447
360657
360865
361073
361285
361494
361704
361912
362118
362324
362534
362746
362958
363169
363378
363587
363799
364011
364222
364432
364640
364847
365056
365266
365474
365681
365888
366093
366299
366509
366719
366929
367140
367352
367565
367782
368004
368222
368440
368653
368866
369081
369299
369516
369733
369951
370166
370383
370604
370824
371048
371269
371488
371706
371922
372139
372355
372570
372786
372997
373214
373431
373647
373864
374081
374296
374508
374721
374936
375154
375372
375586
375800
376011
376226
376441
376659
376877
377096
377317
377538
377762
377984
378208
378427
378644
378859
379076
379291
379506
379718
379926
380137
380352
380567
380784
381000
381215
381428
381645
381861
382078
382294
382510
382726
382943
383165
383386
383608
383829
384053
384275
384500
384720
384943
385163
385383
385609
385835
386062
386293
386518
386739
386961
387182
387405
387626
387846
388065
388282
388496
388717
388935
389155
389374
389588
389801
390014
390227
390442
390655
390866
391074
391282
391493
391702
391913
392120
392328
392532
392739
392946
393155
393365
393569
393773
393975
394181
394387
394592
394797
394998
395200
395406
395612
395816
396021
396221
396425
396627
396833
397039
397245
397450
397655
397859
398068
398275
398482
398688
398894
399101
399310
399522
399736
399952
400165
400378
400591
400806
401020
401233
401446
401657
401868
402082
402297
402511
402727
402941
403152
403364
403581
403795
404010
404224
404437
404648
404860
405075
405291
405507
405721
405933
406145
406359
406576
406792
407009
407225
407440
407659
407876
408093
408311
408527
408741
408953
409170
409383
409597
409807
410017
410226
410439
410651
410863
411077
411287
411500
411715
411929
412145
412366
412581
412801
413023
413240
413463
413680
413892
414108
414326
414541
414757
414972
415186
415400
415617
415832
416049
416264
416477
416691
416906
417121
417333
417545
417755
417969
418182
418397
418611
418825
419041
419261
419486
419711
419941
420161
420383
420604
420828
421047
421267
421485
421699
421914
422132
422350
422571
422795
423015
423234
423451
423669
423890
424111
424332
424549
424766
424983
425205
425423
425646
425868
426089
426309
426532
426755
426978
427200
427420
427644
427867
428090
428313
428534
428755
428971
429186
429402
429620
429838
430055
430274
430495
430721
430950
431181
431411
431636
431861
432083
432307
432532
432755
432976
433197
433415
433632
433851
434074
434297
434522
434744
434963
435188
435412
435636
435858
436078
436293
436507
436724
436941
437160
437382
437601
437820
438039
438260
438481
438701
438921
439137
439352
439571
439793
440015
440238
440460
440682
440904
441125
441343
441565
441787
442009
442232
442451
442671
442887
443109
443328
443547
443765
443983
444198
444412
444630
444846
445061
445274
445487
445698
445911
446129
446346
446562
446777
446993
447207
447422
447644
447861
448084
448304
448521
448736
448959
449178
449400
449621
449843
450067
450295
450525
450754
450982
451206
451429
451652
451875
452097
452319
452542
452759
452976
453195
453418
453641
453868
454093
454315
454536
454755
454974
455196
455416
455635
455856
456072
456289
456510
456730
456951
457170
457387
457599
457812
458027
458245
458464
458685
458904
459121
459336
459558
459778
460001
460220
460439
460655
460872
461092
461313
461535
461758
461978
462198
462419
462645
462872
463096
463316
463536
463752
463974
464195
464417
464637
464856
465073
465294
465516
465739
465960
466179
466397
466610
466825
467043
467261
467482
467701
467916
468134
468353
468570
468788
469003
469214
469427
469641
469858
470074
470291
470506
470720
470937
471155
471373
471589
471805
472018
472231
472450
472665
472882
473099
473312
473527
473744
473965
474183
474403
474616
474830
475046
475263
475479
475693
475905
476118
476333
476548
476762
476975
477189
477401
477616
477831
478046
478264
478482
478698
478920
479138
479357
479576
479793
480010
480226
480443
480659
480873
481089
481301
481516
481734
481953
482173
482395
482617
482836
483055
483275
483498
483718
483940
484159
484376
484596
484816
485035
485250
485464
485677
485892
486110
486333
486561
486785
487005
487228
487455
487682
487907
488130
488354
488571
488790
489011
489234
489459
489682
489902
490120
490338
490560
490779
490999
491219
491434
491651
491872
492093
492312
492531
492748
492964
493184
493401
493620
493836
494053
494268
494486
494704
494921
495136
495350
495563
495783
496002
496222
496441
496656
496871
497090
497307
497524
497739
497950
498160
498372
498587
498798
499012
499222
499429
499639
499848
500058
500267
500475
500683
500895
501109
501320
501534
501744
501952
502164
502376
502588
502800
503008
503218
503432
503644
503858
504074
504289
504503
504721
504937
505154
505372
505587
505802
506022
506241
506462
506685
506910
507135
507362
507588
507818
508048
508272
508496
508723
508947
509174
509398
509620
509843
510068
510292
510516
510736
510957
511175
511396
511617
511839
512064
512288
512510
512736
512964
513192
513422
513651
513878
514100
514320
514539
514755
514973
515187
515397
515605
515813
516023
516233
516443
516654
516862
517071
517282
517494
517705
517919
518130
518343
518556
518771
518992
519210
519431
519649
519864
520078
520295
520512
520731
520948
521160
521376
521591
521811
522034
522257
522476
522694
522915
523142
523363
523588
523808
524026
524243
524463
524683
524904
525124
525340
525559
525775
525997
526217
526436
526655
526870
527086
527301
527522
527742
527962
528181
528397
528618
528840
529062
529286
529506
529722
529934
530148
530364
530580
530798
531014
531226
531439
531654
531869
532086
532299
532509
532719
532932
533144
533357
533569
533780
533990
534204
534418
534629
534840
535048
535261
535474
535684
535891
536103
536313
536522
536729
536936
537144
537354
537565
537775
537985
538191
538397
538603
538813
539021
539228
539432
539637
539847
540053
540260
540467
540673
540878
541089
541298
541510
541722
541932
542145
542359
542573
542785
542996
543206
543416
543629
543843
544058
544271
544485
544694
544907
545121
545337
545550
545766
545978
546186
546396
546608
546820
547034
547245
547457
547670
547882
548095
548308
548521
548734
548947
549163
549387
549611
549834
550059
550283
550508
550732
550962
551191
551419
551646
551872
552097
552324
552554
552782
553011
553239
553461
553687
553910
554134
554356
554575
554794
555013
555239
555461
555681
555903
556122
556342
556563
556789
557013
557238
557462
557683
557903
558126
558347
558569
558789
559008
559224
559442
559662
559882
560104
560324
560540
560757
560975
561197
561419
561643
561867
562086
562303
562522
562740
562960
563179
563397
563612
563828
564046
564264
564480
564698
564912
565126
565340
565557
565774
565992
566208
566422
566634
566847
567065
567283
567501
567717
567930
568145
568364
568584
568805
569030
569250
569470
569687
569904
570123
570340
570561
570782
571002
571219
571440
571659
571879
572097
572313
572529
572747
572966
573186
573403
573621
573835
574049
574266
574481
574697
574911
575126
575338
575551
575768
575987
576203
576425
576650
576874
577095
577320
577544
577771
577998
578226
578449
578674
578900
579128
579354
579580
579805
580031
580256
580492
580718
580944
581172
581393
581612
581833
582054
582280
582507
582732
582956
583193
583426
583664
583901
584134
584362
584595
584822
585048
585272
585500
585728
585964
586201
586443
586685
586930
587176
587426
587669
587908
588142
588373
588610
588849
589093
589346
589620
589913
590194
590456
590701
590946
591180
591410
591638
591864
592088
592311
592535
592756
592981
593211
593448
593681
593918
594159
594399
594634
594874
595106
595340
595571
595801
596029
596259
596491
596726
596963
597205
597453
597702
597950
598213
598472
598737
599008
599267
599541
599801
600052
600299
600543
600798
601060
601311
601557
601799
602045
602291
602534
602776
603013
603248
603488
603732
603978
604231
604481
604727
604969
605215
605460
605704
605945
606194
606436
606676
606911
607149
607384
607619
607854
608094
608337
608583
608826
609071
609313
609558
609798
610031
610259
610480
610702
610925
611147
611371
611591
611812
612033
612253
612471
612685
612896
613108
613319
613529
613738
613947
614153
614362
614571
614783
614998
615216
615436
615651
615871
616092
616310
616527
616747
616966
617180
617394
617605
617816
618029
618243
618456
618669
618884
619094
619307
619523
619742
619959
620178
620393
620607
620821
621039
621258
621477
621694
621910
622123
622335
622554
622770
622987
623202
623411
623622
623833
624046
624261
624479
624693
624905
625116
625326
625539
625752
625964
626177
626387
626596
626811
627024
627239
627451
627662
627871
628082
628295
628507
628721
628932
629142
629350
629561
629775
629989
630203
630415
630627
630841
631057
631273
631488
631702
631913
632129
632346
632561
632778
632995
633212
633430
633650
633870
634090
634305
634519
634738
634953
635172
635391
635608
635822
636040
636258
636476
636694
636907
637121
637336
637552
637775
638005
638230
638457
638684
638911
639135
639354
639571
639789
640007
640225
640441
640656
640869
641083
641300
641522
641741
641965
642185
642405
642622
642839
643059
643279
643501
643722
643940
644155
644372
644592
644814
645037
645259
645478
645699
645920
646144
646368
646589
646811
647031
647250
647472
647696
647922
648148
648369
648589
648808
649034
649256
649481
649704
649930
650154
650381
650607
650835
651061
651289
651514
651736
651956
652176
652403
652630
652858
653085
653309
653531
653757
653982
654207
654431
654653
654871
655086
655301
655516
655736
655956
656175
656395
656612
656827
657043
657260
657479
657698
657920
658138
658355
658577
658799
659020
659243
659467
659688
659908
660130
660354
660577
660802
661025
661244
661465
661687
661909
662129
662351
662570
662788
663002
663221
663440
663659
663880
664100
664320
664542
664764
664984
665207
665426
665644
665865
666087
666307
666529
666747
666967
667184
667404
667627
667851
668077
668299
668517
668732
668949
669172
669393
669617
669839
670058
670278
670499
670724
670948
671173
671394
671614
671840
672061
672289
672515
672741
672966
673194
673418
673643
673865
674087
674307
674527
674750
674973
675197
675420
675641
675862
676083
676306
676528
676749
676965
677180
677398
677615
677833
678053
678272
678493
678717
678942
679168
679392
679611
679829
680050
680268
680488
680705
680921
681138
681357
681577
681799
682019
682239
682459
682679
682899
683117
683338
683553
683769
683987
684205
684423
684643
684863
685082
685307
685534
685766
685995
686218
686439
686661
686887
687111
687335
687556
687772
687990
688207
688426
688646
688865
689081
689295
689510
689729
689948
690171
690393
690613
690833
691058
691282
691505
691727
691948
692169
692393
692617
692842
693064
693282
693499
693719
693935
694152
694366
694580
694793
695009
695228
695444
695660
695875
696088
696300
696513
696730
696946
697163
697382
697606
697838
698068
698302
698532
698768
698997
699236
699471
699710
699944
700185
700435
700680
700925
701161
701392
701624
701855
702085
702325
702570
702813
703050
703286
703516
703754
703991
704226
704461
704688
704914
705144
705377
705609
705842
706073
706298
706528
706756
706979
707200
707419
707636
707854
708075
708294
708515
708734
708957
709188
709430
709775
710071
710303
710527
710748
710966
711185
711403
711619
711835
712050
712267
712482
712701
712919
713138
713355
713571
713783
713997
714208
714418
714628
714836
715042
715250
715457
715666
715876
716088
716299
716512
716719
716932
717147
717363
717576
717795
718017
718239
718458
718684
718906
719131
719356
719581
719803
720025
720252
720475
720697
720922
721142
721363
721586
721811
722033
722256
722481
722701
722920
723143
723365
723587
723808
724028
724246
724465
724687
724909
725131
725350
725565
725785
726008
726231
726453
726674
726891
727112
727333
727553
727775
727996
728213
728426
728641
728857
729077
729294
729510
729728
729944
730164
730383
730603
730822
731040
731256
731469
731686
731907
732127
732350
732570
732788
733007
733228
733450
733673
733895
734113
734328
734549
734766
734984
735202
735416
735634
735854
736071
736291
736511
736729
736950
737180
737418
737656
737889
738128
738359
738587
738817
739048
739274
739502
739725
739948
740173
740402
740632
740867
741096
741323
741550
741774
741993
742214
742434
742658
742881
743108
743331
743551
743769
743990
744213
744434
744656
744877
745095
745311
745530
745749
745969
746187
746405
746622
746844
747070
747295
747521
747748
747971
748193
748414
748636
748860
749082
749305
749525
749746
749967
750186
750407
750630
750854
751076
751297
751518
751737
751957
752182
752410
752636
752863
753085
753310
753534
753762
753987
754213
754441
754664
754884
755112
755335
755560
755786
756008
756232
756454
756683
756910
757137
757368
757595
757816
758038
758260
758481
758701
758919
759133
759349
759568
759787
760012
760234
760456
760669
760884
761100
761318
761534
761750
761966
762183
762402
762621
762838
763055
763272
763484
763700
763917
764133
764354
764571
764785
764997
765213
765427
765643
765856
766067
766277
766491
766703
766918
767131
767343
767553
767762
767975
768187
768401
768612
768822
769034
769248
769463
769681
769900
770117
770331
770548
770763
770978
771194
771407
771621
771835
772052
772269
772485
772699
772910
773120
773334
773548
773763
773976
774187
774397
774608
774821
775033
775245
775456
775667
775879
776092
776309
776527
776751
776975
777199
777423
777651
777875
778101
778327
778550
778773
778998
779225
779453
779682
779908
780136
780360
780588
780816
781042
781265
781488
781713
781939
782170
782406
782643
782876
783115
783356
783594
783835
784076
784317
784561
784801
785038
785272
785512
785774
786027
786269
786512
786753
786990
787225
787460
787693
787927
788153
788378
788602
788834
789061
789293
789520
789743
789963
790184
790409
790636
790861
791088
791310
791531
791751
791976
792199
792422
792645
792866
793086
793308
793538
793764
793990
794213
794435
794658
794882
795107
795334
795559
795783
796007
796233
796462
796693
796922
797148
797373
797595
797818
798041
798263
798488
798709
798932
799152
799375
799602
799825
800050
800271
800490
800706
800925
801145
801365
801585
801805
802022
802244
802465
802685
802905
803123
803339
803558
803778
803996
804215
804434
804657
804879
805108
805341
805568
805798
806025
806254
806481
806711
806937
807162
807389
807609
807831
808056
808278
808500
808724
808946
809164
809384
809608
809831
810056
810277
810495
810714
810934
811153
811373
811593
811811
812028
812248
812470
812694
812919
813145
813373
813601
813828
814054
814282
814512
814738
814965
815192
815422
815653
815883
816112
816339
816568
816801
817039
817277
817512
817743
817970
818198
818426
818654
818881
819103
819321
819537
819755
819972
820191
820408
820624
820839
821058
821282
821503
821726
821947
822167
822384
822603
822822
823042
823265
823487
823713
823939
824165
824391
824617
824840
825062
825280
825503
825726
825952
826180
826407
826629
826852
827076
827301
827526
827749
827969
828191
828412
828639
828864
829090
829316
829538
829766
829993
830220
830445
830667
830885
831102
831321
831540
831756
831973
832190
832402
832615
832830
833046
833260
833475
833690
833902
834116
834334
834554
834775
834996
835215
835430
835649
835869
836093
836317
836541
836765
836984
837207
837432
837655
837878
838099
838315
838530
838752
838972
839194
839414
839633
839851
840073
840292
840513
840732
840949
841164
841380
841600
841819
842037
842255
842471
842689
842908
843131
843353
843575
843799
844019
844242
844467
844692
844916
845141
845359
845581
845802
846024
846247
846469
846692
846913
847133
847356
847579
847798
848017
848232
848446
848662
848882
849099
849321
849540
849762
849979
850199
850417
850633
850853
851071
851287
851501
851710
851920
852132
852345
852554
852764
852972
853182
853395
853606
853819
854031
854240
854451
854662
854875
855087
855300
855514
855727
855942
856159
856376
856595
856813
857033
857261
857497
857725
857953
858183
858417
858642
858870
859094
859318
859541
859765
859994
860222
860448
860672
860893
861114
861335
861559
861781
862007
862234
862466
862702
862936
863165
863393
863617
863842
864068
864293
864522
864749
864973
865194
865411
865628
865847
866065
866284
866502
866717
866934
867151
867371
867594
867816
868039
868260
868480
868703
868930
869154
869379
869606
869831
870055
870275
870500
870725
870948
871172
871399
871619
871843
872069
872296
872522
872750
872973
873197
873417
873640
873866
874094
874320
874547
874767
874986
875204
875427
875649
875869
876089
876304
876518
876731
876946
877161
877376
877588
877804
878015
878228
878442
878662
878885
879107
879334
879557
879778
879998
880221
880442
880663
880883
881099
881313
881528
881743
881960
882180
882401
882624
882840
883062
883286
883510
883735
883961
884184
884404
884625
884848
885068
885291
885512
885730
885949
886164
886381
886602
886824
887045
887266
887487
887702
887917
888136
888360
888582
888804
889028
889248
889470
889692
889917
890140
890366
890589
890812
891038
891267
891496
891729
891962
892193
892422
892652
892884
893115
893346
893573
893803
894030
894255
