---
Mammal:            dog
Fs:                500
Integration_level: electrocardiogram

Channels:

    - type:   peak
      name:   Data
      unit:   index
      enable: yes

---

142
314
485
657
831
1004
1176
1352
1523
1692
1861
2035
2209
2381
2565
2742
2918
3097
3282
3464
3644
3831
4032
4225
4417
4612
4809
5000
5191
5384
5574
5760
5949
6134
6318
6506
6699
6885
7069
7251
7438
7633
7825
8020
8226
8461
8682
8894
9105
9316
9520
9717
9912
10109
10310
10507
10703
10908
11125
11328
11530
11734
11940
12139
12336
12535
12734
12930
13123
13320
13531
13741
13947
14151
14360
14579
14792
15001
15206
15418
15627
15832
16038
16249
16455
16656
16854
17057
17266
17469
17670
17872
18080
18284
18484
18689
18899
19103
19306
19512
19730
19939
20146
20358
20588
20810
21026
21240
21456
21667
21876
22090
22334
22563
22787
23014
23253
23484
23708
23925
24144
24374
24602
24823
25038
25252
25473
25687
25898
26110
26332
26558
26776
26987
27193
27396
27593
27786
27977
28167
28353
28536
28718
28899
29078
29254
29428
29604
29783
29963
30140
30321
30512
30703
30893
31082
31287
31491
31691
31886
32080
32273
32460
32644
32825
33005
33183
33358
33533
33707
33879
34050
34220
34394
34574
34752
34930
35110
35299
35493
35683
35873
36068
36283
36492
36696
36901
37123
37350
37569
37782
37996
38227
38453
38666
38877
39097
39334
39555
39768
39979
40197
40414
40626
40843
41076
41301
41525
41755
42022
42267
42493
42709
42916
43117
43313
43507
43707
43906
44103
44297
44497
44696
44892
45089
45296
45504
45708
45911
46114
46324
46528
46731
46934
47139
47343
47541
47741
47943
48142
48338
48530
48721
48918
49118
49317
49515
49717
49940
50168
50381
50590
50803
51025
51236
51443
51658
51871
52078
52283
52500
52704
52903
53098
53291
53488
53682
53874
54064
54255
54450
54648
54841
55031
55222
55415
55605
55792
55982
56176
56363
56547
56730
56909
57084
57256
57426
57594
57759
57924
58087
58251
58421
58596
58768
58940
59120
59324
59535
59735
59932
60136
60358
60564
60766
60972
61195
61415
61624
61831
62046
62263
62473
62680
62897
63121
63334
63549
63778
63999
64212
64429
64654
64867
65075
65284
65509
65730
65940
66151
66383
66605
66820
67037
67260
67476
67690
67912
68148
68369
68583
68795
69009
69217
69419
69622
69830
70032
70232
70435
70645
70860
71068
71277
71506
71747
71970
72187
72404
72627
72841
73050
73259
73478
73696
73908
74118
74337
74562
74781
75001
75226
75446
75667
75896
76118
76336
76560
76788
77006
77217
77424
77633
77839
78047
78263
78496
78718
78938
79158
79378
79589
79794
79994
80196
80395
80590
80787
80981
81171
81357
81538
81716
81892
82067
82239
82409
82582
82755
82924
83091
83259
83431
83606
83778
83950
84121
84296
84484
84666
84850
85037
85238
85441
85639
85834
86035
86252
86468
86678
86890
87109
87321
87526
87737
87967
88184
88397
88620
88861
89086
89304
89519
89739
89991
90217
90437
90657
90896
91129
91352
91571
91801
92032
92254
92473
92691
92901
93104
93306
93520
93727
93933
94146
94372
94588
94801
95023
95257
95477
95689
95896
96107
96325
96534
96741
96957
97196
97422
97642
97858
98084
98300
98510
98719
98938
99148
99357
99567
99787
100004
100218
100428
100639
100844
101041
101233
101425
101613
101796
101977
102155
102333
102510
102684
102856
103032
103216
103394
103570
103747
103936
104143
104347
104549
104754
104979
105220
105440
105652
105862
106086
106324
106548
106765
106978
107208
107456
107693
107918
108140
108369
108627
108866
109092
109315
109545
109779
109998
110209
110418
110626
110827
111023
111227
111428
111641
111846
112056
112266
112468
112662
112852
113040
113225
113405
113587
113773
113957
114141
114327
114524
114732
114935
115137
115347
115569
115784
115995
116220
116471
116695
116913
117126
117346
117580
117808
118027
118242
118475
118721
118955
119182
119406
119641
119881
120105
120327
120556
120820
121057
121284
121511
121743
121994
122229
122456
122682
122916
123146
123368
123585
123808
124039
124257
124474
124697
124917
125130
125338
125547
125748
125946
126144
126358
126563
126765
126970
127176
127374
127568
127760
127949
128134
128318
128501
128690
128874
129057
129244
129444
129646
129843
130045
130262
130502
130724
130938
131148
131367
131591
131804
132011
132221
132461
132692
132918
133150
133395
133663
133899
134127
134359
134600
134832
135053
135273
135511
135741
135963
136183
136413
136652
136874
137089
137306
137551
137818
138051
138274
138495
138747
139011
139250
139478
139708
139951
140187
140413
140630
140851
141082
141309
141528
141748
141985
142236
142466
142688
142914
143145
143387
143615
143837
144065
144308
144541
144765
144982
145204
145449
145709
145944
146172
146408
146682
146933
147168
147400
147646
147912
148149
148376
148599
148824
149056
149276
149493
149714
149929
150139
150352
150575
150790
150999
151210
151426
151638
151844
152046
152250
152462
152667
152870
153082
153308
153521
153728
153938
154177
154408
154629
154844
155065
155296
155517
155734
155955
156173
156380
156579
156772
156961
157146
157326
157504
157682
157856
158028
158198
158369
158536
158702
158869
159037
159205
159373
159545
159725
159904
160084
160279
160465
160649
160834
161026
161213
161398
161591
161790
161982
162176
162376
162571
162762
162955
163160
163360
163560
163769
163975
164178
164392
164621
164834
165045
165258
165471
165682
165893
166147
166376
166599
166824
167067
167290
167509
167730
167953
168172
168391
168617
168832
169044
169265
169481
169699
169909
170112
170307
170496
170679
170858
171034
171205
171372
171536
171697
171855
172009
172162
172312
172460
172607
172751
172894
173036
173180
173323
173465
173607
173754
173903
174054
174205
174367
174526
174690
174863
