---
Mammal:            rabbit
Fs:                1000
Integration_level: electrocardiogram

Channels:

    - type:   peak
      name:   Data
      unit:   index
      enable: yes

---

14
219
426
635
843
1050
1255
1463
1670
1876
2082
2290
2496
2700
2906
3115
3317
3522
3729
3936
4137
4341
4543
4749
4950
5157
5366
5572
5780
5985
6193
6404
6614
6825
7037
7247
7456
7663
7869
8079
8286
8488
8696
8904
9110
9319
9529
9734
9941
10152
10359
10565
10780
10989
11201
11420
11634
11848
12060
12269
12479
12689
12902
13111
13322
13533
13749
13958
14167
14380
14591
14798
15004
15215
15423
15631
15838
16046
16256
16467
16674
16882
17103
17317
17532
17740
17950
18161
18371
18579
18790
18998
19208
19420
19633
19847
20059
20278
20491
20708
20927
21141
21355
21570
21780
21991
22203
22442
22665
22886
23107
23329
23550
23774
23995
24217
24434
24650
24862
25074
25286
25498
25719
25930
26142
26357
26576
26788
27002
27217
27434
27650
27864
28082
28300
28534
28759
28978
29200
29419
29634
29849
30063
30274
30485
30699
30909
31123
31336
31549
31766
31977
32190
32406
32622
32834
33051
33268
33483
33692
33904
34117
34331
34547
34772
34982
35197
35415
35627
35848
36065
36279
36496
36713
36929
37141
37358
37579
37795
38009
38227
38444
38663
38888
39106
39324
39539
39756
39966
40179
40387
40595
40799
41005
41207
41410
41612
41809
42010
42204
42404
42601
42798
42995
43191
43392
43588
43785
43985
44181
44378
44580
44772
44969
45170
45363
45558
45757
45954
46147
46341
46541
46734
46928
47127
47319
47518
47714
47909
48106
48301
48501
48694
48891
49087
49286
49486
49684
49882
50080
50276
50473
50671
50869
51066
51263
51460
51659
51856
52056
52258
52460
52666
52872
53078
53289
53504
53714
53926
54147
54364
54578
54790
55000
55210
55420
55628
55835
56044
56252
56462
56670
56883
57097
57311
57525
57740
57955
58172
58387
58603
58816
59031
59244
59463
59679
59896
60115
60336
60556
60773
60987
61206
61427
61651
61865
62091
62311
62527
62746
62966
63187
63407
63623
63841
64061
64284
64502
64725
64946
65166
65387
65610
65831
66054
66275
66499
66722
66945
67166
67389
67611
67834
68057
68280
68502
68719
68935
69146
69357
69576
69793
70016
70232
70451
70668
70889
71105
71321
71539
71752
71966
72180
72392
72602
72812
73023
73235
73444
73656
73867
74074
74284
74492
74705
74916
75128
75340
75557
75771
75985
76199
76416
76638
76854
77073
77291
77506
77733
77950
78172
78391
78611
78829
79046
79265
79481
79695
79913
80128
80348
80560
80774
80991
81203
81417
81629
81842
82053
82264
82479
82690
82908
83123
83341
83554
83767
83979
84188
84399
84609
84815
85017
85230
85436
85644
85851
86058
86268
86476
86683
86892
87111
87326
87542
87759
87978
88191
88410
88623
88835
89049
89266
89477
89690
89903
90118
90330
90547
90760
90973
91191
91404
91617
91825
92041
92255
92464
92677
92885
93096
93306
93520
93731
93941
94158
94371
94582
94793
95005
95222
95430
95639
95853
96062
96274
96490
96702
96914
97118
97333
97547
97760
97965
98178
98389
98596
98803
99015
99227
99432
99642
99854
100060
100266
100477
100687
100895
101105
101314
101528
101735
101944
102157
102364
102579
102787
102998
103207
103416
103625
103833
104041
104248
104459
104671
104875
105084
105295
105506
105709
105916
106126
106333
106540
106750
106962
107172
107380
107594
107803
108016
108238
108451
108667
108880
109093
109301
109515
109727
109946
110159
110368
110580
110795
111006
111221
111438
111650
111864
112075
112288
112498
112707
112917
113123
113330
113537
113745
113948
114154
114362
114571
114782
114996
115203
115413
115626
115834
116047
116261
116470
116678
116889
117103
117311
117518
117726
117940
118144
118356
118565
118775
118981
119194
119401
119604
119814
120027
120233
120439
120648
120858
121065
121273
121485
121720
121936
122157
122374
122587
122804
123017
123226
123436
123647
123853
124058
124262
124469
124674
124881
125088
125297
125505
125709
125915
126123
126330
126537
126747
126956
127163
127374
127583
127790
128001
128211
128419
128627
128836
129044
129254
129464
129674
129886
130096
130307
130515
130725
130934
131139
131347
131553
131759
131962
132167
132371
132569
132777
132982
133189
133394
133603
133816
134023
134231
134444
134655
134863
135074
135283
135494
135709
135922
136133
136341
136555
136764
136973
137185
137399
137608
137818
138031
138241
138449
138664
138876
139087
139296
139506
139716
139923
140135
140357
140574
140786
140996
141211
141428
141640
141850
142062
142274
142482
142695
142905
143116
143328
143540
143752
143962
144175
144391
144601
144815
145028
145243
145453
145666
145883
146094
146304
146518
146732
146945
147158
147374
147584
147801
148015
148233
148444
148660
148874
149090
149302
149518
149739
149954
150170
150385
150607
150818
151033
151249
151464
151678
151894
152115
152345
152564
152780
152994
153215
153434
153653
153874
154093
154311
154525
154739
154952
155163
155369
155582
155793
156002
156209
156420
156635
156845
157060
157272
157488
157704
157916
158136
158351
158565
158797
159024
159246
159469
159691
159913
160135
160351
160568
160787
161010
161226
161443
161661
161878
162088
162299
162513
162728
162940
163150
163364
163575
163790
164003
164216
164429
164639
164852
165063
165276
165488
165700
165912
166127
166337
166553
166770
166981
167197
167411
167632
167849
168066
168290
168507
168728
168945
169172
169393
169612
169837
170063
170282
170501
170730
170957
171177
171399
171624
171849
172072
172297
172522
172746
172971
173197
173422
173648
173875
174100
174326
174553
174778
174995
175221
175441
175667
175891
176121
176350
176576
176805
177031
177257
177485
177711
177939
178166
178394
178623
178851
179080
179307
179535
179766
179995
180225
180453
180682
180912
181139
181362
181584
181803
182029
182255
182472
182691
182910
183128
183350
183574
183797
184022
184242
184473
184695
184915
185134
185363
185580
185800
186023
186244
186471
186695
186915
187137
187359
187581
187802
188025
188252
188487
188708
188935
189159
189376
189595
189815
190031
190243
190452
190665
190873
191081
191292
191505
191711
191921
192137
192349
192561
192776
193020
193251
193480
193709
193940
194169
194398
194627
194843
195059
195269
195477
195686
195898
196104
196314
196533
196770
196989
197220
197444
197670
197897
198122
198349
198576
198805
199033
199263
199491
199725
199957
200188
200422
200658
200891
201126
201362
201597
201833
202069
202308
202544
202781
203018
203252
203482
203700
203919
204145
204383
204607
204828
205057
205297
205530
205760
205993
206225
206461
206700
206936
207175
207417
207659
207902
208145
208388
208632
208876
209121
209365
209610
209856
210099
210342
210586
210827
211067
211307
211546
211783
212019
212256
212492
212728
212961
213197
213432
213666
213902
214137
214370
214605
214839
215071
215303
215536
215770
216001
216233
216466
216698
216931
217164
217396
217628
217862
218095
218328
218561
218794
219026
219259
219493
219724
219957
220188
220420
220652
220884
221116
221349
221582
221815
222047
222282
222514
222748
222980
223215
223448
223682
223914
224147
224380
224612
224844
225075
225306
225540
225772
226004
226238
226471
226707
226940
227175
227410
227645
227879
228113
228346
228582
228816
229051
229284
229517
229749
229983
230214
230445
230676
230908
231139
231370
231601
231832
232064
232296
232527
232759
232992
233225
233458
233694
233929
234164
234401
234637
234873
235108
235345
235579
235814
236051
236284
236519
236753
236988
237222
237456
237690
237925
238158
238393
238627
238860
239093
239326
239558
239791
240026
240260
240496
240735
240971
241209
241444
241685
241923
242160
242400
242638
242877
243116
243356
243595
243834
244072
244311
244550
244789
245027
245263
245499
245736
245973
246209
246444
246680
246915
247151
247387
247622
247858
248092
248330
248564
248798
249035
249272
249507
249743
249979
250214
250447
250682
250917
251152
251385
251619
251853
252085
252318
252550
252783
253014
253247
253480
253714
253947
254182
254416
254650
254886
255121
255356
255589
255824
256058
256292
256526
256759
256993
257225
257458
257691
257924
258156
258390
258623
258857
259091
259324
259558
259792
260025
260259
260494
260729
260964
261199
261435
261672
261908
262144
262381
262617
262853
263090
263325
263562
263797
264033
264268
264502
264737
264972
265206
265443
265679
265915
266150
266386
266622
266858
267094
267330
267566
267801
268038
268273
268509
268745
268980
269216
269451
269687
269922
270157
270392
270626
270859
271093
271326
271558
271789
272022
272254
272484
272717
272948
273180
273414
273647
273878
274111
274344
274577
274810
275044
275279
275514
275749
275984
276220
276456
276692
276927
277164
277399
277636
277873
278109
278344
278580
278814
279047
279283
279519
279753
279987
280221
280455
280688
280921
281144
281366
281585
281799
282013
282231
282457
282681
282906
283128
283349
283574
283805
284026
284249
284490
284719
284947
285174
285404
285633
285864
286094
286324
286555
286786
287017
287247
287478
287708
287939
288169
288402
288632
288866
289097
289331
289564
289799
290031
290266
290499
290732
290966
291200
291433
291665
291901
292134
292368
292602
292836
293069
293304
293538
293770
294004
294238
294473
294708
294944
295179
295415
295652
295890
296125
296362
296598
296835
297071
297305
297541
297775
298009
298244
298477
298713
298946
299181
299415
299651
299886
300120
300355
300590
300825
301061
301296
301532
301767
302002
302238
302475
302711
302947
303182
303419
303655
303891
304128
304364
304600
304837
305074
305309
305546
305781
306016
306250
306485
306720
306954
307188
307422
307656
307890
308123
308356
308588
308820
309052
309284
309515
309748
309980
310213
310446
310680
310913
311147
311375
311614
311848
312082
312316
312549
312784
313019
313254
313487
313723
313956
314190
314423
314656
314890
315123
315357
315590
315824
316057
316290
316525
316757
316990
317224
317458
317692
317925
318159
318393
318627
318861
319094
319328
319561
319795
320030
320263
320496
320730
320964
321197
321430
321664
321897
322132
322367
322603
322837
323072
323309
323543
323778
324014
324249
324484
324721
324959
325197
325434
325672
325910
326149
326388
326626
326864
327102
327339
327575
327810
328044
328275
328506
328745
328975
329209
329443
329676
329909
330142
330375
330609
330843
331075
331308
331541
331773
332005
332235
332470
332703
332935
333167
333402
333634
333869
334101
334334
334570
334802
335035
335267
335502
335735
335967
336200
336431
336664
336896
337127
337359
337591
337823
338055
338288
338520
338752
338986
339220
339452
339685
339917
340151
340385
340618
340851
341087
341320
341554
341788
342022
342257
342492
342728
342963
343200
343436
343672
343909
344146
344382
344618
344855
345092
345327
345562
345798
346033
346266
346501
346735
346968
347200
347434
347667
347900
348133
348366
348599
348833
349066
349299
349532
349764
349997
350225
350460
350690
350924
351155
351388
351620
351851
352085
352317
352548
352780
353014
353246
353478
353711
353943
354174
354407
354639
354872
355104
355337
355570
355803
356036
356268
356500
356733
356965
357198
357431
357663
357896
358129
358362
358595
358830
359064
359298
359534
359770
360005
360242
360478
360716
360954
361192
361429
361665
361902
362137
362373
362607
362838
363069
363307
363539
363769
363998
364228
364454
364691
364926
365158
365389
365620
365853
366086
366319
366551
366784
367017
367249
367482
367713
367946
368180
368414
368649
368883
369119
369353
369589
369823
370059
370295
370531
370766
371001
371236
371472
371707
371941
372177
372413
372647
372882
373118
373353
373588
373825
374061
374297
374533
374769
375005
375243
375479
375714
375950
376188
376424
376660
376896
377132
377367
377604
377840
378077
378314
378551
378788
379027
379266
379504
379743
379981
380219
380457
380694
380930
381168
381404
381641
381877
382112
382348
382586
382822
383058
383295
383531
383765
384004
384240
384477
384714
384949
385185
385418
385644
385873
386099
386331
386564
386800
387041
387274
387507
387742
387976
388213
388446
388681
388915
389149
389382
389617
389851
390086
390320
390554
390789
391023
391260
391496
391732
391968
392206
392444
392682
392920
393160
393400
393639
393878
394116
394355
394592
394827
395065
395303
395539
395777
396015
396254
396491
396730
396967
397205
397441
397681
397918
398155
398392
398628
398864
399100
399332
399562
399798
400035
400269
400504
400740
400975
401210
401446
401682
401920
402156
402394
402629
402866
403101
403337
403572
403806
404040
404275
404508
404742
404975
405207
405439
405669
405893
406128
406363
406590
406827
407057
407289
407520
407750
407982
408214
408448
408681
408916
409150
409384
409619
409853
410089
410324
410559
410794
411030
411265
411499
411735
411970
412207
412441
412677
412911
413145
413380
413613
413845
414077
414309
414536
414761
414989
415214
415436
415659
415884
416110
416331
416552
416775
417000
417233
417463
417691
417923
418157
418386
418617
418849
419081
419312
419545
419778
420011
420244
420478
420711
420945
421180
421413
421648
421882
422117
422352
422587
422822
423057
423293
423528
423764
423998
424233
424469
424704
424938
425174
425410
425646
425881
426116
426351
426588
426822
427057
427294
427530
427766
428003
428241
428478
428715
428953
429191
429430
429667
429906
430143
430382
430621
430859
431096
431334
431574
431812
432051
432291
432530
432771
433013
433254
433497
433738
433979
434219
434459
434699
434938
435175
435411
435647
435883
436119
436354
436588
436822
437056
437290
437523
437757
437992
438225
438461
438696
438933
439170
439410
439646
439886
440125
440363
440603
440842
441082
441320
441559
441798
442036
442273
442511
442748
442986
443222
443460
443698
443937
444175
444414
444654
444893
445131
445370
445609
445848
446085
446323
446561
446799
447037
447274
447511
447747
447985
448221
448458
448694
448931
449168
449403
449639
449874
450110
450343
450578
450813
451048
451283
451519
451754
451988
452222
452458
452691
452925
453162
453398
453633
453867
454103
454337
454571
454806
455040
455274
455507
455743
455975
456208
456442
456676
456910
457145
457380
457613
457849
458084
458320
458556
458790
459024
459260
459496
459731
459969
460207
460446
460685
460925
461164
461405
461646
461885
462125
462365
462604
462841
463081
463318
463557
463794
464031
464269
464506
464743
464980
465218
465456
465694
465934
466173
466414
466654
466894
467135
467377
467617
467860
468101
468342
468581
468820
469058
469296
469533
469771
470007
470242
470476
470709
470942
471172
471404
471641
471874
472106
472337
472569
472803
473035
473266
473499
473732
473965
474199
474433
474666
474901
475133
475367
475601
475837
476073
476310
476543
476780
477015
477250
477486
477723
477958
478194
478430
478665
478901
479137
479374
479612
479849
480086
480326
480563
480802
481042
481281
481521
481759
481998
482234
482472
482709
482945
483182
483419
483656
483892
484129
484367
484604
484840
485079
485317
485554
485791
486027
486265
486502
486740
486976
487215
487454
487692
487928
488166
488403
488640
488878
489117
489356
489595
489835
490075
490314
490553
490794
491035
491274
491514
491753
491992
492232
492470
492710
492950
493189
493428
493665
493904
494143
494381
494617
494855
495090
495327
495562
495797
496031
496263
496497
496731
496964
497199
497432
497664
497900
498133
498369
498603
498839
499073
499310
499544
499781
500017
500251
500487
500723
500958
501192
501427
501662
501897
502134
502369
502604
502839
503076
503311
503548
503785
504023
504265
504504
504745
504985
505226
505467
505706
505947
506187
506427
506667
506905
507145
507383
507621
507859
508096
508334
508571
508807
509044
509280
509517
509753
509989
510225
510461
510697
510934
511169
511404
511640
511874
512110
512344
512578
512814
513050
513285
513522
513756
513992
514229
514465
514700
514935
515167
515402
515636
515867
516090
516312
516540
516762
516978
517195
517410
517626
517836
518048
518260
518468
518679
518889
519101
519313
519535
519745
519961
520182
520405
520634
520858
521080
521304
521532
521757
521985
522213
522442
522673
522905
523138
523370
523603
523838
524072
524306
524540
524775
525010
525246
525481
525718
525956
526193
526433
526674
526913
527153
527393
527634
527875
528113
528356
528596
528837
529076
529315
529555
529794
530032
530273
530510
530750
530987
531226
531461
531698
531933
532169
532405
532640
532875
533109
533341
533574
533805
534037
534268
534499
534730
534962
535195
535428
535664
535900
536136
536372
536611
536847
537087
537326
537563
537801
538038
538275
538512
538749
538984
539221
539457
539692
539929
540165
540402
540639
540876
541111
541348
541585
541820
542055
542290
542524
542759
542994
543228
543459
543691
543922
544145
544363
544589
544818
545043
545264
545490
545715
545943
546171
546408
546633
546863
547093
547324
547553
547787
548021
548255
548489
548723
548959
549193
549428
549662
549895
550117
550347
550570
550795
551022
551245
551475
551710
551944
552175
552405
552636
552867
553099
553330
553566
553800
554034
554272
554509
554748
554987
555229
555471
555713
555955
556199
556442
556683
556924
557166
557406
557647
557887
558127
558367
558606
558842
559080
559318
559555
559789
560025
560253
560488
560723
560956
561188
561419
561642
561862
562083
562297
562523
562744
562963
563178
563397
563624
563854
564078
564320
564547
564775
565003
565234
565464
565694
565926
566158
566390
566621
566854
567084
567316
567548
567782
568016
568249
568484
568719
568954
569188
569422
569657
569893
570126
570362
570600
570834
571072
571309
571546
571782
572018
572254
572490
572725
572959
573191
573426
573660
573894
574129
574365
574602
574838
575075
575314
575550
575788
576024
576262
576500
576736
576975
577214
577453
577689
577928
578164
578401
578638
578875
579110
579345
579580
579815
580050
580283
580514
580749
580983
581217
581449
581682
581916
582148
582381
582617
582852
583085
583321
583555
583792
584027
584265
584503
584742
584980
585218
585458
585695
585932
586171
586406
586643
586877
587111
587339
587565
587802
588037
588265
588500
588732
588963
589195
589426
589659
589891
590124
590358
590593
590830
591066
591302
591540
591778
592015
592253
592491
592729
592968
593207
593445
593682
593920
594157
594395
594632
594870
595106
595343
595576
595813
596049
596283
596516
596752
596985
597218
597452
597685
597917
598149
598382
598614
598847
599080
599313
599548
599781
600017
600254
600491
600729
600967
601204
601441
601680
601916
602153
602389
602626
602862
603099
603337
603574
603812
604051
604289
604529
604770
605009
605248
605488
605728
605966
606205
606444
606683
606920
607157
607395
607634
607872
608112
608351
608590
608830
609068
609307
609544
609782
610018
610255
610491
610727
610962
611199
611435
611672
611908
612144
612381
612617
612852
613087
613322
613558
613794
614028
614264
614500
614736
614972
615208
615444
615680
615915
616150
616386
616623
616857
617093
617328
617564
617799
618034
618270
618505
618739
618975
619210
619445
619680
619914
620148
620382
620616
620850
621084
621316
621550
621783
622015
622248
622480
622711
622942
623174
623400
623627
623851
624081
624314
624548
624777
625006
625235
625465
625695
625924
626153
626384
626613
626843
627074
627306
627539
627771
628005
628239
628475
628710
628946
629182
629420
629657
629895
630131
630371
630609
630849
631088
631328
631569
631811
632051
632291
632531
632772
633012
633251
633490
633730
633969
634209
634446
634685
634922
635159
635397
635634
635872
636109
636346
636584
636822
637060
637298
637537
637775
638016
638255
638494
638734
638975
639215
639455
639696
639935
640173
640414
640652
640890
641128
641365
641603
641840
642079
642317
642556
642795
643035
643275
643516
643758
644001
644243
644487
644732
644975
645219
645463
645706
645950
646193
646435
646677
646917
647159
647400
647640
647879
648118
648357
648594
648832
649070
649305
649541
649776
650011
650246
650481
650717
650951
651187
651423
651659
651896
652132
652368
652604
652840
653077
653311
653549
653785
654020
654258
654494
654733
654970
655207
655444
655680
655918
656154
656389
656626
656860
657096
657329
657562
657795
658027
658259
658490
658722
658953
659185
659418
659650
659882
660116
660349
660582
660817
661051
661287
661519
661753
661987
662221
662454
662687
662920
663153
663386
663619
663851
664085
664317
664552
664784
665016
665250
665484
665716
665949
666183
666417
666653
666887
667121
667358
667593
667829
668064
668302
668538
668776
669014
669252
669490
669729
669969
670208
670449
670690
670932
671172
671414
671656
671896
672139
672384
672627
672869
673112
673356
673599
673842
674085
674328
674571
674816
675060
675305
675551
675796
676042
676288
676532
676777
677022
677266
677508
677751
677995
678236
678480
678723
678965
679206
679446
679686
679925
680164
680402
680640
680876
681114
681352
681590
681828
682067
682307
682547
682789
683031
683276
683521
683767
684012
684257
684503
684746
684989
685234
685475
685715
685956
686197
686438
686679
686919
687160
687401
687643
687883
688122
688361
688600
688837
689075
689311
689548
689785
690023
690259
690497
690734
690972
691209
691447
691684
691923
692161
692399
692638
692876
693114
693351
693588
693826
694062
694300
694538
694775
695016
695255
695496
695739
695982
696226
696469
696714
696958
697201
697443
697685
697926
698167
698406
698649
698889
699129
699369
699610
699850
700090
700331
700574
700816
701060
701305
701549
701793
702037
702280
702524
702766
703009
703252
703492
703733
703975
704215
704455
704696
704935
705174
705414
705653
705893
706131
706372
706613
706853
707095
707336
707580
707823
708065
708309
708553
708797
709043
709289
709535
709782
710027
710272
710515
710758
710999
711239
711480
711717
711954
712192
712430
712666
712902
713137
713374
713609
713846
714081
714318
714554
714791
715027
715264
715502
715739
715978
716216
716456
716698
716939
717181
717424
717665
717908
718150
718392
718634
718874
719115
719354
719594
719835
720072
720312
720549
720785
721023
721261
721498
721737
721974
722212
722449
722687
722925
723162
723400
723637
723871
724107
724341
724575
724808
725038
725268
725499
725728
725957
726192
726422
726649
726876
727101
727331
727566
727791
728018
728249
728477
728704
728931
729159
729386
729612
729838
730065
730290
730517
730743
730969
731195
731422
731649
731875
732102
732329
732557
732786
733016
733245
733476
733707
733937
734168
734399
734631
734862
735094
735326
735557
735788
736021
736252
736483
736714
736946
737177
737410
737643
737874
738108
738341
738575
738810
739045
739282
739519
739757
739995
740234
740472
740710
740949
741188
741426
741664
741901
742139
742375
742613
742851
743088
743325
743563
743800
744038
744275
744513
744751
744989
745226
745464
745703
745940
746176
746412
746648
746885
747118
747355
747589
747825
748060
748296
748534
748770
749009
749248
749486
749726
749968
750208
750448
750688
750927
751168
751407
751646
751885
752125
752365
752604
752844
753083
753321
753560
753799
754038
754277
754515
754754
754993
755232
755474
755714
755955
756195
756438
756680
756922
757164
757407
757650
757892
758135
758378
758620
758861
759103
759344
759586
759826
760068
760308
760548
760792
761032
761273
761513
761755
761995
762236
762475
762715
762953
763190
763430
763667
763903
764138
764375
764613
764848
765085
765323
765560
765797
766035
766273
766511
766749
766989
767228
767467
767706
767944
768185
768424
768664
768903
769144
769385
769625
769866
770106
770348
770589
770830
771072
771312
771553
771794
772033
772272
772510
772748
772985
773221
773457
773693
773929
774166
774401
774638
774875
775113
775351
775589
775827
776065
776305
776545
776784
777024
777265
777505
777745
777987
778227
778466
778708
778948
779188
779425
779664
779902
780139
780376
780615
780852
781089
781326
781563
781800
782036
782273
782510
782747
782984
783222
783459
783697
783934
784170
784407
784642
784878
785114
785350
785586
785824
786061
786298
786537
786775
787014
787252
787489
787728
787966
788202
788438
788675
788911
789150
789385
789622
789856
790091
790324
790561
790796
791033
791269
791506
791743
791981
792215
792455
792692
792928
793167
793403
793639
793874
794111
794346
794582
794817
795054
795292
795529
795767
796004
796245
796483
796723
796963
797202
797440
797680
797920
798161
798400
798638
798881
799121
799361
799600
799840
800078
800318
800557
800797
801035
801273
801511
801749
801986
802223
802458
802696
802933
803169
803407
803643
803881
804118
804356
804595
804834
805072
805311
805552
805792
806032
806272
806514
806755
806994
807234
807474
807712
807952
808190
808430
808670
808907
809144
809382
809617
809852
810087
810321
810557
810791
811027
811263
811497
811733
811967
812201
812436
812672
812910
813144
813380
813617
813854
814092
814329
814568
814806
815043
815282
815520
815759
815997
816235
816472
816711
816947
817184
817422
817659
817895
818130
818367
818603
818841
819077
819314
819550
819787
820023
820259
820496
820732
820970
821209
821445
821685
821923
822162
822399
822640
822880
823123
823367
823615
823867
824118
824372
824629
824886
825146
825406
825668
825931
826197
826466
826731
826984
827245
827504
827761
828020
828280
828539
828797
829054
829309
829566
829821
830076
830330
830583
830835
831090
831347
831605
831863
832118
832373
832632
832891
833155
833517
833820
834112
834401
834691
834979
835264
835547
835829
836105
836385
836668
836955
837253
837555
837854
838146
838441
838739
839042
839345
839659
839968
840271
840581
840892
841202
841513
841819
842122
842426
842733
843045
843350
843652
843958
844276
844588
844901
845210
845511
845807
846087
846397
846690
846963
847226
847485
847743
848006
848268
848529
848791
849052
849316
849578
849836
850092
850346
850599
850852
851107
851367
851629
851895
852163
852436
852721
852966
853261
853530
853802
854076
854355
854635
854914
855188
855459
855725
855992
856254
856513
856768
857020
857271
857524
857782
858051
858380
858792
859110
859479
859822
860163
860489
860810
861119
861442
861749
862055
862353
862635
862937
863204
863462
863712
863962
864210
864460
864712
864964
865215
865464
865712
865961
866216
866466
866715
866961
867208
867454
867701
867944
868188
868429
868670
868910
869154
869399
869644
869887
870129
870372
870613
870853
871093
871331
871569
871807
872044
872283
872523
872763
873005
873247
873492
873749
874009
874290
874590
874998
875304
875667
876013
876382
876745
877105
877466
877825
878202
878555
878897
879218
879545
879883
880212
880514
880882
881198
881520
881829
882160
882466
882787
883084
883391
883653
883911
884168
884419
884667
884911
885153
885396
885635
885873
886113
886350
886588
886823
887059
887293
887529
887764
887998
888232
888464
888698
888932
889164
889398
889632
889865
890100
890335
890569
890801
891037
891270
891505
891738
891979
892224
892465
892701
892936
893170
893401
893635
893866
894088
894323
894557
894789
895019
895248
895478
895709
895938
896168
896402
896635
896870
897104
897337
897571
897807
898043
898278
898513
898746
898983
899216
899451
899687
899924
900157
900393
900631
900865
901099
901336
901571
901806
902042
902279
902514
902751
902988
903225
903459
903697
903931
904168
904403
904638
904873
905108
905342
905579
905811
906046
906281
906517
906752
906990
907227
907466
907704
907941
908178
908414
908646
908883
909118
909349
909581
909807
910031
910256
910472
910687
910910
911124
911339
911556
911787
912019
912243
912466
912692
912914
913144
913375
913600
913824
914051
914273
914495
914708
914918
915133
915348
915562
915774
915995
916224
916458
916677
916901
917127
917352
917580
917808
918039
918271
918502
918735
918967
919202
919435
919669
919902
920137
920371
920606
920841
921077
921313
921549
921788
922025
922263
922500
922738
922976
923212
923448
923689
923924
924157
924394
924631
924867
925100
925341
925577
925814
926051
926292
926530
926769
927007
927244
927483
927720
927957
928195
928431
928668
928904
929141
929377
929615
929851
930090
930324
930564
930800
931038
931277
931516
931755
931993
932234
932474
932715
932954
933194
933430
933670
933910
934147
934386
934623
934861
935100
935337
935574
935813
936050
936291
936529
936766
937005
937243
937482
937723
937964
938204
938444
938682
938925
939166
939406
939647
939887
940128
940364
940605
940843
941080
941318
941556
941795
942030
942268
942507
942742
942983
943221
943458
943694
943936
944175
944411
944653
944892
945131
945372
945610
945847
946087
946327
946563
946801
947039
947274
947511
947748
947984
948223
948459
948698
948934
949172
949412
949648
949888
950126
950362
950602
950841
951079
951319
951557
951795
952034
952270
952508
952749
952986
953226
953463
953705
953944
954181
954419
954659
954898
955136
955374
955614
955854
956094
956336
956574
956818
957059
957301
957544
957791
958035
958279
958523
958766
959010
959252
959496
959738
959980
960222
960466
960708
960952
961196
961439
961681
961926
962171
962414
962657
962900
963145
963387
963632
963878
964120
964362
964606
964850
965092
965335
965578
965821
966062
966308
966550
966792
967034
967274
967515
967756
967997
968238
968479
968719
968958
969197
969437
969675
969916
970156
970393
970629
970862
971093
971336
971570
971805
972039
972276
972512
972748
972987
973225
973465
973702
973942
974183
974426
974667
974911
975151
975395
975640
975881
976126
976367
976608
976847
977088
977326
977566
977803
978044
978282
978518
978755
978995
979232
979467
979703
979942
980178
980413
980651
980889
981125
981361
981595
981817
982038
982256
982473
982689
982903
983114
983334
983555
983783
984013
984236
984478
984704
984936
985161
985394
985627
985860
986090
986329
986564
986801
987036
987274
987508
987743
987972
988190
988406
988620
988834
989049
989261
989474
989689
989905
990123
990341
990568
990785
991007
991234
991453
991671
991893
992115
992345
992570
992796
993018
993237
993457
993675
993892
994106
994321
994535
994749
994960
995176
995386
995601
995815
996035
996252
996467
996683
996900
997119
997334
997558
997776
997996
998214
998433
998649
998864
999076
999285
999498
999709
999918
1000127
1000336
1000549
1000760
1000966
1001174
1001381
1001590
1001797
1002008
1002214
1002425
1002633
1002842
1003054
1003262
1003465
1003683
1003889
1004095
1004297
1004502
1004706
1004910
1005114
1005323
1005532
1005737
1005940
1006149
1006355
1006557
1006766
1006971
1007177
1007382
1007587
1007797
1008012
1008224
1008433
1008645
1008853
1009059
1009267
1009474
1009677
1009886
1010092
1010297
1010502
1010710
1010916
1011120
1011324
1011530
1011738
1011942
1012146
1012351
1012561
1012766
1012971
1013182
1013391
1013599
1013807
1014018
1014234
1014454
1014670
1014884
1015093
1015308
1015521
1015737
1015950
1016164
1016388
1016609
1016833
1017057
1017281
1017502
1017723
1017939
1018155
1018375
1018596
1018820
1019045
1019268
1019491
1019707
1019927
1020146
1020365
1020576
1020801
1021019
1021246
1021463
1021681
1021902
1022123
1022345
1022563
1022783
1022998
1023215
1023442
1023662
1023878
1024095
1024312
1024535
1024757
1024976
1025191
1025406
1025627
1025843
1026061
1026279
1026493
1026711
1026927
1027141
1027354
1027570
1027786
1027999
1028213
1028429
1028645
1028859
1029071
1029287
1029504
1029717
1029930
1030145
1030368
1030580
1030796
1031016
1031231
1031453
1031669
1031890
1032112
1032333
1032561
1032788
1033010
1033237
1033465
1033691
1033918
1034143
1034368
1034593
1034813
1035030
1035252
1035471
1035684
1035903
1036114
1036328
1036542
1036748
1036962
1037174
1037383
1037597
1037814
1038024
1038240
1038455
1038670
1038895
1039114
1039333
1039558
1039779
1040002
1040225
1040444
1040666
1040897
1041114
1041336
1041550
1041763
1041980
1042198
1042422
1042633
1042852
1043071
1043290
1043507
1043723
1043943
1044158
1044379
1044601
1044817
1045035
1045254
1045473
1045687
1045905
1046122
1046337
1046555
1046776
1046994
1047207
1047425
1047646
1047868
1048084
1048302
1048522
1048737
1048962
1049187
1049403
1049624
1049849
1050083
1050302
1050525
1050746
1050965
1051185
1051407
1051624
1051841
1052060
1052278
1052492
1052709
1052926
1053141
1053352
1053566
1053784
1053997
1054214
1054433
1054650
1054876
1055098
1055321
1055544
1055762
1055981
1056202
1056423
1056634
1056850
1057064
1057282
1057497
1057713
1057927
1058140
1058357
1058573
1058790
1059006
1059223
1059439
1059653
1059867
1060084
1060300
1060518
1060734
1060950
1061170
1061383
1061598
1061815
1062032
1062253
1062477
1062710
1062936
1063157
1063384
1063609
1063836
1064064
1064290
1064518
1064748
1064974
1065201
1065428
1065655
1065881
1066101
1066326
1066557
1066784
1067011
1067232
1067451
1067672
1067892
1068105
1068326
1068543
1068762
1068975
1069194
1069413
1069630
1069850
1070077
1070294
1070510
1070731
1070954
1071171
1071390
1071603
1071820
1072038
1072248
1072464
1072681
1072892
1073109
1073333
1073549
1073765
1073977
1074193
1074416
1074636
1074849
1075068
1075286
1075504
1075716
1075930
1076147
1076364
1076576
1076792
1077009
1077229
1077440
1077657
1077874
1078091
1078302
1078517
1078735
1078952
1079163
1079380
1079595
1079814
1080027
1080246
1080465
1080693
1080915
1081134
1081353
1081572
1081794
1082012
1082227
1082448
1082671
1082882
1083103
1083320
1083532
1083749
1083964
1084180
1084392
1084610
1084828
1085041
1085256
1085472
1085689
1085902
1086114
1086327
1086546
1086765
1086982
1087201
1087416
1087651
1087875
1088099
1088319
1088533
1088750
1088970
1089181
1089393
1089607
1089823
1090035
1090249
1090465
1090685
1090901
1091118
1091339
1091555
1091768
1091981
1092195
1092411
1092620
1092833
1093047
1093265
1093476
1093687
1093902
1094116
1094330
1094543
1094761
1094977
1095194
1095412
1095633
1095862
1096084
1096304
1096517
1096733
1096951
1097163
1097374
1097589
1097798
1098011
1098227
1098444
1098655
1098871
1099088
1099309
1099527
1099752
1099977
1100201
1100421
1100640
1100859
1101078
1101289
1101509
1101728
1101950
1102169
1102390
1102611
1102831
1103049
1103268
1103488
1103715
1103934
1104153
1104363
1104580
1104797
1105012
1105225
1105440
1105651
1105866
1106084
1106296
1106509
1106723
1106937
1107154
