---
Mammal:            rabbit
Fs:                1000
Integration_level: electrocardiogram

Channels:

    - type:   peak
      name:   Data
      unit:   index
      enable: yes

---

98
331
570
806
1053
1309
1588
1858
2135
2407
2675
2949
3219
3494
3776
4048
4323
4589
4853
5123
5388
5652
5921
6186
6453
6717
6975
7230
7486
7740
7990
8236
8484
8736
8992
9249
9500
9750
10003
10255
10506
10748
10997
11254
11496
11737
11982
12226
12464
12699
12943
13190
13439
13690
13942
14200
14454
14707
14964
15223
15478
15731
15988
16248
16504
16761
17017
17272
17522
17773
18020
18277
18523
18773
19030
19281
19537
19789
20050
20306
20565
20823
21087
21345
21601
21854
22119
22387
22649
22913
23174
23440
23705
23961
24222
24483
24743
24999
25259
25513
25767
26019
26279
26539
26797
27058
27327
27594
27868
28142
28414
28689
28966
29243
29512
29786
30059
30334
30604
30872
31143
31419
31682
31950
32220
32496
32763
33028
33299
33565
33832
34095
34357
34618
34888
35150
35409
35677
35943
36214
36481
36747
37018
37290
37559
37828
38100
38374
38650
38919
39195
39469
39743
40011
40287
40563
40841
41115
41394
41673
41955
42228
42503
42776
43052
43320
43591
43864
44138
44405
44674
44946
45214
45479
45742
46007
46276
46538
46805
47081
47353
47625
47894
48161
48429
48699
48967
49229
49494
49757
50029
50296
50569
50846
51119
51397
51673
51949
52225
52497
52772
53046
53320
53597
53867
54139
54415
54685
54959
55227
55500
55770
56044
56320
56601
56875
57149
57430
57710
57990
58273
58552
58834
59110
59387
59662
59938
60210
60477
60747
61020
61293
61567
61836
62104
62376
62643
62908
63173
63440
63701
63964
64224
64492
64761
65029
65303
65576
65852
66125
66394
66668
66943
67217
67488
67760
68034
68306
68582
68857
69133
69409
69682
69952
70222
70499
70775
71057
71336
71630
71916
72205
72492
72775
73059
73346
73622
73899
74175
74453
74724
74993
75265
75534
75796
76058
76325
76587
76849
77111
77373
77633
77895
78153
78415
78683
78951
79219
79491
79765
80037
80310
80585
80855
81124
81385
81645
81900
82148
82385
82622
82861
83089
83318
83548
83779
84034
84295
84554
84799
85044
85297
85558
85841
86135
86411
86690
86986
87284
87574
87862
88151
88447
88749
89034
89324
89622
89917
90214
90512
90799
91089
91379
91665
91947
92233
92518
92801
93081
93365
93650
93932
94212
94498
94779
95062
95344
95624
95905
96193
96471
96761
97046
97329
97609
97893
98178
98466
98747
99031
99311
99597
99881
100161
100442
100736
101020
101300
101575
101855
102139
102422
102700
102977
103255
103532
103810
104088
104365
104637
104910
105181
105453
105723
105998
106270
106541
106811
107082
107349
107617
107886
108156
108426
108700
108971
109244
109527
109811
110087
110362
110644
110922
111200
111477
111757
112036
112313
112587
112867
113147
113444
113723
114003
114281
114560
114848
115127
115412
115690
115972
116249
116524
116800
117075
117349
117624
117897
118173
118447
118720
118989
119258
119527
119793
120056
120328
120595
120873
121141
121409
121678
121949
122219
122490
122763
123036
123322
123603
123879
124157
124436
124715
124990
125267
125540
125818
126090
126362
126635
126912
127186
127464
127738
128014
128292
128569
128842
129119
129396
129677
129948
130222
130492
130763
131033
131301
131567
131836
132101
132368
132632
132891
133153
133411
133665
133916
134169
134424
134680
134938
135198
135458
135722
135985
136253
136526
136798
137075
137355
137635
137911
138186
138458
138733
139006
139278
139545
139809
140072
140328
140592
140852
141114
141379
141652
141919
142205
142481
142765
143047
143325
143607
143895
144177
144453
144736
145015
145292
145570
145842
146122
146399
146679
146955
147230
147503
147775
148047
148315
148585
148849
149114
149377
149642
149912
150176
150443
150710
150974
151242
151513
151781
152052
152325
152603
152882
153155
153434
153712
153997
154273
154552
154831
155114
155393
155684
155962
156242
156522
156808
157085
157364
157642
157919
158196
158469
158743
159021
159299
159573
159851
160124
160401
160677
160947
161221
161495
161766
162038
162308
162578
162847
163114
163382
163646
163907
164169
164428
164686
164943
165205
165465
165727
165987
166248
166510
166776
167051
167326
167600
167876
168151
168432
168712
168993
169274
169565
169850
170129
170407
170685
170967
171246
171518
171795
172070
172345
172617
172890
173163
173437
173709
173979
174251
174522
174795
175067
175336
175608
175879
176150
176421
176690
176960
177229
177498
177767
178034
178304
178569
178834
179103
179369
179635
179909
180186
180455
180727
181006
181279
181554
181829
182110
182389
182674
182955
183234
183516
183798
184078
184353
184634
184914
185193
185468
185742
186019
186299
186577
186854
187126
187401
187668
187938
188208
188482
188754
189032
189304
189578
189850
190123
190394
190662
190930
191197
191462
191730
191994
192259
192526
192793
193058
193326
193588
193851
194111
194375
194639
194901
195168
195437
195712
195984
196257
196534
196809
197080
197348
197619
197888
198165
198435
198701
198966
199236
199508
199784
200055
200329
200611
200887
201162
201439
201716
202000
202281
202559
202836
203116
203392
203669
203943
204215
204490
204766
205041
205308
205576
205845
206110
206382
206649
206918
207185
207452
207717
207983
208248
208511
208769
209027
209287
209555
209818
210092
210372
210648
210928
211209
211486
211763
212040
212318
212603
212886
213163
213438
213716
213993
214271
214546
214821
215093
215366
215635
215909
216181
216451
216726
216999
217271
217543
217817
218087
218357
218623
218895
219168
219438
219707
219976
220248
220528
220806
221078
221347
221622
221897
222169
222437
222704
222976
223240
223504
223768
224033
224302
224564
224831
225095
225358
225627
225897
226165
226434
226706
226982
227256
227533
227820
228103
228383
228675
228955
229240
229520
229808
230086
230365
230647
230924
231207
231485
231759
232034
232308
232583
232855
233127
233396
233669
233941
234210
234479
234750
235030
235302
235573
235841
236108
236378
236649
236918
237186
237454
237724
237994
238262
238529
238797
239065
239338
239608
239884
240157
240446
240731
241008
241292
241570
241850
242127
242404
242680
242959
243243
243521
243799
244076
244362
244647
244923
245200
245475
245754
246029
246306
246584
246861
247141
247418
247693
247972
248250
248526
248802
249080
249360
249637
249912
250185
250462
250739
251009
251277
251547
251820
252094
252364
252638
252905
253173
253447
253720
253988
254256
254525
254794
255061
255336
255605
255880
256154
256434
256707
256982
257262
257551
257828
258105
258382
258663
258937
259212
259485
259760
260038
260317
260590
260865
261138
261411
261684
261959
262228
262497
262767
263043
263316
263588
263858
264132
264411
264688
264967
265241
265517
265789
266058
266330
266600
266877
267149
267415
267687
267957
268225
268497
268763
269032
269303
269576
269852
270120
270390
270664
270934
271209
271483
271756
272030
272306
272583
272857
273131
273408
273683
273962
274233
274506
274779
275056
275330
275610
275888
276164
276441
276716
276989
277261
277540
277819
278098
278373
278647
278926
279201
279480
279752
280025
280295
280570
280841
281108
281375
281648
281920
282189
282461
282731
283003
283275
283546
283810
284077
284347
284617
284889
285162
285433
285704
285977
286249
286527
286797
287076
287352
287632
287904
288178
288454
288728
289006
289281
289555
289832
290104
290380
290655
290930
291208
291480
291754
292022
292296
292572
292850
293125
293402
293677
293960
294240
294521
294797
295077
295359
295640
295914
296190
296471
296752
297035
297314
297594
297870
298154
298436
298711
298990
299263
299543
299818
300093
300368
300646
300932
301212
301492
301772
302051
302340
302623
302906
303187
303470
303749
304031
304308
304588
304868
305153
305429
305707
305978
306255
306535
306810
307083
307359
307638
307916
308187
308458
308733
309003
309277
309550
309824
310102
310373
310644
310914
311182
311450
311718
311986
312256
312528
312799
313068
313340
313608
313873
314138
314401
314662
314928
315192
315463
315737
316024
316308
316588
316876
317165
317458
317745
318030
318317
318606
318898
319178
319466
319752
320040
320329
320610
320889
321173
321461
321747
322032
322315
322602
322888
323166
323445
323723
324003
324282
324563
324839
325122
325400
325682
325957
326236
326512
326790
327061
327341
327613
327887
328161
328435
328709
328983
329257
329536
329811
330095
330379
330667
330952
331237
331519
331806
332089
332377
332665
332949
333233
333517
333817
334098
334381
334667
334948
335230
335510
335787
336067
336353
336637
336914
337191
337465
337741
338018
338296
338576
338857
339137
339417
339696
339971
340247
340524
340796
341069
341338
341612
341884
342153
342424
342699
342968
343242
343516
343791
344071
344349
344636
344915
345190
345469
345750
346029
346309
346592
346875
347154
347432
347716
347998
348277
348553
348831
349111
349396
349680
349963
350249
350532
350813
351095
351377
351653
351931
352208
352487
352763
353035
353308
353584
353860
354135
354412
354691
354964
355241
355516
355787
356058
356333
356604
356878
357151
357428
357705
357979
358255
358524
358798
359072
359345
359612
359879
360154
360427
360700
360972
361240
361512
361786
362061
362337
362609
362886
363163
363440
363714
363995
364275
364554
364835
365118
365406
365689
365972
366254
366534
366809
367087
367363
367641
367920
368197
368480
368758
369039
369321
369599
369880
370162
370441
370720
371002
371286
371566
371851
372129
372412
372691
372971
373249
373526
373799
374074
374348
374622
374886
375151
375416
375675
376171
376424
376671
376914
377163
377404
377649
377897
378163
378440
378714
378990
379268
379560
379844
380124
380401
380689
380980
381262
381546
381838
382140
382436
382724
383012
383307
383598
383890
384180
384477
384761
385047
385337
385627
385919
386206
386501
386793
387083
387373
387668
387953
388237
388515
388792
389076
389366
389645
389926
390207
390488
390762
391032
391301
391575
391854
392127
392398
392673
392949
393223
393495
393768
394049
394330
394602
394877
395152
395433
395703
395978
396245
396520
396793
397067
397338
397606
397882
398156
398430
398698
398969
399246
399530
399808
400082
400358
400640
400924
401211
401499
401788
402078
402362
402643
402928
403225
403506
403788
404068
404350
404632
404917
405199
405478
405764
406046
406334
406612
406897
407178
407464
407747
408029
408316
408602
408886
409170
409451
409736
410017
410299
410578
410861
411138
411416
411687
411967
412249
412530
412813
413093
413382
413667
413959
414247
414539
414830
415118
415405
415690
415980
416266
416553
416838
417128
417412
417700
417982
418263
418551
418841
419126
419403
419681
419966
420259
420544
420822
421101
421381
421655
421924
422194
422467
422739
423009
423280
423553
423829
424108
424386
424656
424933
425211
425495
425781
426065
426354
426642
426932
427223
427512
427806
428091
428377
428665
428950
429235
429517
429799
430080
430366
430643
430923
431204
431484
431763
432045
432326
432613
432895
433184
433468
433751
434039
434329
434613
434898
435180
435456
435733
436009
436280
436554
436826
437098
437367
437643
437918
438194
438470
438742
439014
439290
439567
439845
440119
440394
440673
440950
441228
441504
441787
442064
442340
442616
442895
443173
443453
443732
444009
444283
444560
444841
445120
445401
445677
445955
446229
446511
446786
447069
447354
447647
447926
448205
448481
448762
449039
449307
449577
449848
450126
450403
450679
450954
451229
451505
451780
452059
452335
452606
452883
453154
453429
453699
453983
454256
454529
454803
455073
455344
455617
455887
456157
456429
456700
456971
457242
457512
457783
458055
458334
458614
458892
459172
459453
459735
460023
460303
460589
460880
461174
461459
461743
462027
462313
462591
462866
463143
463428
463711
463995
464270
464547
464825
465101
465375
465650
465925
466208
466480
466751
467023
467302
467580
467853
468129
468408
468688
468977
469258
469534
469812
470090
470367
470642
470919
471194
471474
471746
472021
472292
472565
472841
473116
473387
473663
473937
474209
474477
474750
475022
475293
475565
475840
476109
476379
476655
476928
477197
477474
477749
478021
478300
478579
478856
479130
479407
479694
479970
480251
480531
480813
481091
481367
481649
481929
482211
482488
482770
483054
483331
483613
483893
484177
484460
484737
485016
485297
485574
485849
486125
486405
486691
486979
487257
487538
487821
488100
488386
488667
488953
489241
489537
489827
490110
490398
490688
490973
491263
491551
491838
492125
492414
492699
492989
493279
493563
493852
494134
494418
494698
494976
495260
495542
495832
496114
496395
496684
496975
497263
497552
497832
498117
498399
498678
498958
499240
499522
499800
500081
500358
500634
500907
501182
501459
501739
502023
502304
502582
502863
503148
503436
503723
504017
504312
504612
504907
505206
505500
505794
506083
506372
506658
506950
507235
507513
507794
508069
508346
508624
508898
509171
509447
509725
509996
510273
510548
510828
511104
511388
511680
511969
512264
512554
512840
513129
513415
513693
513975
514257
514541
514829
515110
515391
515677
515964
516246
516529
516820
517105
517396
517679
517967
518262
518558
518851
519140
519432
519724
520014
520298
520583
520867
521158
521442
521724
522009
522296
522580
522862
523139
523421
523701
523978
524257
524536
524815
525103
525382
525657
525931
526203
526484
526757
527031
527306
527578
527849
528115
528383
528651
528920
529189
529456
529728
530000
530275
530555
530837
531114
531396
531675
531951
532233
532512
532798
533078
533352
533632
533917
534205
534487
534770
535046
535326
535607
535886
536163
536440
536718
536995
537271
537550
537826
538110
538394
538681
538966
539244
539529
539813
540092
540370
540646
540923
541201
541475
541746
542023
542301
542574
542844
543111
543377
543641
543903
544163
544419
544675
544927
545175
545427
545677
545929
546182
546437
546693
546948
547205
547462
547725
547991
548260
548528
548796
549086
549364
549642
549924
550216
550499
550795
551088
551374
551667
551966
552249
552545
552837
553130
553422
553715
554001
554286
554574
554877
555172
555458
555761
556052
556337
556613
556900
557198
557498
557787
558077
558362
558656
558946
559231
559523
559812
560097
560390
560665
560942
561227
561504
561777
562052
562323
562589
562860
563134
563422
563701
563980
564264
564555
564844
565129
565413
565699
565984
566265
566552
566832
567107
567387
567665
567943
568216
568492
568769
569045
569313
569583
569864
570137
570411
570690
570972
571247
571521
571796
572070
572341
572608
572876
573147
573418
573687
573964
574236
574511
574781
575054
575325
575597
576417
576683
576956
577229
577505
577773
578044
578316
578587
578854
579120
579387
579658
579924
580192
580466
580734
581003
581277
581563
581832
582104
582382
582655
582926
583204
583477
583753
584023
584304
584574
584843
585109
585369
585630
585879
586132
586382
586627
586872
587118
587354
587592
587825
588059
588289
588519
588753
588989
589233
589482
589739
590012
590307
590591
590889
591186
591482
591778
592072
592374
592674
592970
593280
593590
593899
594194
594490
594788
595078
595367
595657
595956
596251
596540
596830
597127
597417
597709
597992
598284
598580
598871
599160
599456
599756
600047
600340
600625
600919
601199
601484
601771
602056
602345
602623
602900
603183
603465
603742
604024
604300
604573
604841
605113
605384
605654
605925
606193
606461
606731
607000
607268
607533
607799
608061
608325
608582
608841
609097
609350
609610
609865
610126
610383
610640
610896
611154
611416
611676
611936
612195
612457
612723
612987
613253
613520
613797
614073
614349
614623
614909
615192
615475
615755
616042
616325
616611
616894
617169
617448
617725
617996
618263
618534
618808
619082
619359
619633
619906
620183
620457
620731
621004
621277
621554
621825
622095
622372
622658
622931
623206
623478
623754
624027
624301
624569
624839
625110
625376
625645
625912
626180
626446
626709
626976
627244
627513
627780
628049
628322
628601
628882
629162
629440
629721
630003
630281
630562
630843
631130
631419
631701
631984
632271
632556
632837
633111
633392
633665
633943
634221
634495
634770
635039
635311
635581
635850
636120
636391
636670
636940
637214
637488
637765
638039
638312
638584
638857
639132
639401
639674
639943
640213
640481
640753
641025
641294
641564
641830
642099
642370
642641
642914
643185
643452
643721
643990
644258
644524
644790
645060
645338
645614
645887
646165
646439
646721
646993
647271
647547
647829
648104
648378
648652
648924
649199
649469
649741
650016
650287
650563
650833
651104
651380
651658
651939
652225
652502
652782
653058
653337
653611
653885
654161
654437
654712
654986
655263
655533
655811
656084
656355
656629
656907
657180
657452
657730
658000
658274
658546
658814
659092
659367
659641
659915
660194
660480
660763
661046
661323
661602
661886
662170
662448
662734
663020
663302
663589
663866
664150
664439
664722
665006
665284
665567
665853
666135
666414
666694
666970
667247
667517
667786
668059
668331
668607
668879
669149
669421
669678
669941
670192
670440
670687
670930
671176
671424
671682
671937
672188
672442
672695
672954
673212
673470
673729
673997
674268
674547
674819
675094
675389
675677
675968
676256
676546
676852
677153
677442
677729
678016
678308
678589
678876
679165
679445
679730
680013
680298
680581
680861
681142
681425
681711
681999
682280
682562
682851
683133
683415
683703
683999
684291
684578
684867
685156
685444
685740
686024
686306
686586
686864
687144
687426
687707
687991
688268
688551
688835
689115
689389
689667
689952
690235
690510
690788
691075
691363
691648
691926
692206
692488
692767
693041
693326
693612
693898
694181
694463
694749
695032
695312
695591
695873
696160
696445
696727
697006
697297
697583
697861
698143
698424
698704
698985
699269
699553
699836
700117
700396
700673
700950
701227
701501
701769
702040
702310
702579
702847
703116
703385
703655
703926
704194
704464
704732
705000
705272
705548
705833
706111
706393
706686
706983
707273
707564
707851
708140
708424
708707
708993
709283
709567
709846
710130
710410
710688
710963
711240
711524
711806
712089
712372
712652
712962
713243
713540
713843
714145
714461
714773
715079
715386
715684
715987
716279
716579
716877
717168
717452
717737
718022
718307
718585
718865
719143
719421
719696
719971
720256
720531
720814
721095
721378
721668
721968
722252
722543
722830
723112
723398
723680
723964
724246
724529
724814
725102
725389
725675
725959
730209
730504
730789
731078
731364
731657
731950
732239
732531
732822
733108
733395
733682
733970
734252
734537
734824
735115
735410
735696
735977
736263
736547
736828
737113
737397
737693
737976
738258
738544
738828
739110
739389
739667
739949
740235
740523
740812
741094
741378
741661
741943
742229
742514
742801
743084
743370
743665
743956
744240
744524
744817
745105
745391
745670
745951
746230
746514
746793
747071
747354
747631
747914
748193
748470
748746
749024
749297
749572
749847
750124
750399
750671
750944
751218
751494
751766
752040
752317
752595
752872
753146
753419
753696
753974
754250
754528
754805
755094
755381
755663
755949
756242
756531
756821
757104
757390
757673
757955
758240
758526
758813
759096
759379
759660
759938
760218
760497
760770
761042
761315
761591
761871
762145
762417
762694
762967
763239
763506
763775
764048
764318
764586
764856
765126
765399
765673
765951
766226
766503
766775
767055
767328
767604
767882
768160
768436
768709
768982
769255
769531
769803
770075
770350
770627
770908
771182
771459
771736
772015
772288
772569
772844
773126
773403
773681
773957
774234
774511
774791
775065
775343
775623
775907
776187
776463
776742
777028
777307
777587
777864
778139
778415
778690
778960
779236
779509
779787
780061
780342
780616
780899
781178
781458
781736
782010
782292
782568
782848
783127
783405
783684
783970
784250
784526
784806
785088
785367
785648
785920
786195
786472
786755
787033
787311
787588
787870
788152
788429
788697
788976
789256
789538
789833
790123
790414
790701
790983
791262
791541
