---
Mammal:            rabbit
Fs:                1000
Integration_level: electrocardiogram

Channels:

    - type:   peak
      name:   Data
      unit:   index
      enable: yes

---

118
417
725
1035
1341
1647
1960
2267
2571
2879
3185
3487
3788
4092
4395
4696
5003
5312
5618
5923
6228
6529
6826
7115
7413
7708
8000
8299
8599
8907
9210
9512
9815
10115
10409
10698
10990
11280
11570
11861
12164
12470
12772
13072
13381
13687
13990
14294
14601
14911
15215
15523
15836
16146
16454
16768
17087
17404
17719
18038
18356
18671
18985
19301
19616
19924
20231
20538
20857
21180
21491
21788
22071
22352
22637
22915
23190
23468
23735
23998
24257
24507
24752
24993
25233
25474
25713
25956
26204
26453
26705
27012
27443
27788
28104
28406
28688
28971
29244
29512
29771
30026
30273
30514
30750
30984
31214
31443
31667
31892
32113
32335
32555
32774
32993
33211
33429
33645
33862
34075
34291
34506
34721
34939
35160
35384
35611
35841
36078
36318
36564
36816
37073
37331
37590
37853
38118
38386
38657
38934
39214
39491
39773
40057
40335
40613
40892
41173
41452
41736
42020
42312
42607
42904
43199
43491
43781
44071
44353
44634
44916
45193
45469
45746
46027
46305
46582
46864
47148
47429
47711
47995
48282
48574
48862
49157
49459
49752
50042
50341
50630
50917
51206
51501
51789
52074
52361
52647
52932
53210
53494
53788
54082
54377
54678
54984
55286
55587
55894
56197
56493
56780
57065
57351
57634
57921
58215
58524
58837
59150
59457
59765
60056
60342
60615
60889
61159
61428
61697
61971
62248
62530
62812
63095
63371
63652
63925
64195
64464
64726
64987
65246
65506
65768
66037
66312
66593
66881
67172
67467
67760
68049
68339
68625
68908
69191
69471
69749
70033
70317
70603
70886
71171
71450
71729
72007
72282
72555
72828
73104
73378
73651
73928
74207
74486
74771
75056
75343
75626
75903
76176
76451
76722
76991
77262
77536
77814
78099
78382
78667
78953
79237
79517
79797
80078
80358
80637
80918
81202
81484
81764
82047
82334
82616
82898
83188
83471
83756
84034
84316
84593
84868
85143
85418
85693
85970
86244
86520
86793
87064
87332
87599
87867
88136
88406
88675
88949
89224
89498
89770
90045
90321
90595
90872
91151
91430
91710
91985
92261
92541
92818
93094
93370
93646
93928
94209
94494
94784
95072
95362
95646
95933
96215
96501
96784
97071
97352
97647
97936
98233
98528
98824
99120
99418
99717
100017
100319
100620
100923
101226
101528
101831
102132
102430
102721
103007
103291
103576
103861
104143
104428
104716
105001
105281
105561
105839
106111
106383
106655
106927
107197
107466
107737
108009
108280
108551
108822
109094
109367
109639
109914
110198
110483
110770
111061
111362
111663
111962
112259
112561
112860
113156
113455
113747
114033
114323
114612
114904
115204
115507
115807
116102
116402
116700
116997
117292
117590
117887
118178
118472
118773
119067
119354
119647
119937
120223
120509
120798
121084
121367
121654
121943
122233
122524
122810
123097
123388
123674
123962
124246
124538
124831
125119
125409
125707
126002
126295
126586
126881
127171
127460
127755
128057
128359
128653
128954
129257
129555
129855
130156
130455
130755
131057
131356
131652
131953
132255
132554
132851
133151
133449
133740
134024
134316
134611
134901
135193
135491
135796
136093
136385
136683
136983
137277
137567
137859
138155
138449
138742
139040
139342
139638
139934
140228
140524
140817
141110
141402
141703
142002
142299
142593
142893
143190
143484
143778
144077
144374
144669
144965
145265
145560
145851
146147
146446
146745
147043
147346
147649
147951
148254
148559
148861
149158
149460
149762
150062
150358
150659
150959
151257
151553
151856
152159
152461
152759
153063
153364
153657
153942
154234
154522
154808
155094
155383
155675
155961
156241
156519
156799
157081
157364
157640
157920
158210
158504
158799
159095
159399
159698
159994
160290
160586
160883
161173
161459
161748
162046
162337
162631
162926
163231
163532
163826
164119
164406
164688
164964
165236
165510
165784
166055
166332
166605
166878
167150
167419
167686
167952
168221
168491
168759
169026
169293
169556
169818
170078
170335
170597
170858
171118
171380
171644
171910
172185
172461
172739
173015
173291
173563
173840
174129
174412
174697
174988
175287
175595
175901
176207
176509
176814
177119
177420
177714
177996
178273
178567
178857
179150
179436
179737
180040
180348
180655
180957
181266
181575
181880
182181
182477
182766
183055
183347
183654
183972
184284
184598
184903
185210
185522
185832
186139
186447
186754
187064
187368
187676
187978
188278
188573
188863
189157
189444
189718
189996
190274
190556
190848
191163
191472
191778
192083
192397
192708
193011
193319
193625
193924
194224
194528
194832
195133
195430
195724
196012
196300
196592
196876
197159
197446
197734
198030
198326
198625
198926
199222
199519
199811
200094
200369
200644
200920
201196
201468
201738
202011
202293
202573
202853
203128
203403
203686
203966
204239
204515
204786
205058
205338
205616
205901
206182
206467
206761
207048
207339
207620
207903
208184
208472
208762
209075
209379
209677
209974
210270
210569
210863
211148
211460
211767
212070
212383
212695
213003
213305
213610
213916
214205
214483
214751
215022
215293
215560
215825
216096
216382
216695
217007
217314
217615
217915
218215
218497
218773
219045
219326
219631
219943
220246
220559
220867
221171
221472
221771
222075
222375
222669
222956
223237
223522
223814
224096
224380
224666
224952
225239
225527
225812
226099
226382
226667
226977
227299
227608
227908
228215
228520
228820
229109
229392
229672
229954
230234
230517
230817
231108
231396
231683
231968
232257
232545
232839
233128
233415
233710
233996
234291
234612
234920
235241
235551
235858
236157
236458
236763
237068
237369
237671
237990
238312
238637
238953
239258
239570
239887
240198
240508
240809
241105
241408
241703
242002
242289
242593
242918
243226
243534
243835
244143
244454
244767
245084
245397
245715
246034
246352
246668
246973
247287
247603
247916
248221
248518
248820
249128
249423
249713
249998
250283
250557
250826
251091
251351
251614
251878
252142
252405
252668
252937
253206
253473
253736
253999
254260
254517
254772
255026
255280
255535
255790
256047
256302
256563
256832
257107
257399
257694
257980
258264
258548
258832
259116
259402
259687
259965
260245
260538
260822
261102
261381
261654
261929
262195
262461
262727
263002
263290
263587
263880
264172
264467
264760
265043
265322
265600
265884
266164
266445
266722
267001
267298
267588
267880
268161
268439
268717
268992
269266
269540
269817
270104
270399
270706
271007
271306
271600
271894
272192
272486
272774
273052
273332
273615
273904
274196
274481
274776
275079
275389
275691
275994
276297
276606
276912
277212
277512
277817
278114
278403
278682
278963
279251
279533
279815
280116
280431
280734
281031
281336
281634
281934
282223
282503
282801
283113
283409
283705
283992
284286
284582
284869
285156
285440
285726
286027
286339
286634
286926
287211
287497
287792
288083
288373
288669
288975
289277
289575
289868
290162
290458
290763
291065
291364
291659
291957
292262
292558
292854
293144
293430
293715
293990
294258
294518
294773
295030
295285
295537
295798
296064
296361
296668
296965
297263
297564
297868
298167
298463
298757
299054
299336
299606
299871
300136
300415
300705
301010
301303
301605
301925
302254
302574
302902
303245
303565
303880
304184
304491
304806
305114
305422
305760
306069
306377
306682
306993
307308
307624
307939
308250
308565
308885
309202
309527
309841
310154
310475
310786
311107
311415
311732
312051
312363
312672
312972
313281
313589
313888
314189
314491
314792
315104
315403
315695
315980
316275
316564
316852
317133
317410
317676
317944
318222
318492
318755
319022
319282
319541
319804
320068
320339
320614
320892
321178
321459
321738
322018
322296
322574
322853
323133
323412
323697
323978
324252
324528
324798
325067
325336
325604
325882
326160
326439
326717
326998
327286
327567
327844
328133
328415
328694
328976
329259
329540
329822
330103
330384
330653
330920
331178
331430
331678
331921
332161
332399
332634
332867
333099
333328
333556
333783
334010
334235
334461
334685
334909
335133
335356
335577
335799
336020
336246
336472
336704
336933
337168
337405
337643
337883
338129
338371
338612
338852
339093
339335
339579
339823
340068
340320
340574
340830
341088
341347
341610
341875
342135
342402
342668
342938
343206
343477
343748
344021
344293
344562
344839
345115
345393
345668
345946
346222
346500
346774
347051
347324
347597
347872
348146
348419
348696
348974
349252
349528
349805
350080
350355
350626
350897
351166
351439
351713
351986
352263
352541
352817
353096
353375
353653
353933
354210
354487
354766
355041
355317
355587
355857
356130
356404
356677
356952
357226
357498
357771
358045
358320
358596
358875
359151
359432
359711
359994
360276
360560
360845
361132
361423
361709
361995
362287
362578
362870
363163
363459
363752
364039
364320
364594
364859
365119
365373
365621
365864
366104
366343
366584
366830
367077
367324
367569
367814
368057
368297
368533
368766
368997
369229
369457
369686
369915
370142
370372
370604
370838
371084
371331
371581
371831
372088
372347
372611
372879
373147
373418
373688
373953
374226
374496
374777
375057
375333
375619
375906
376198
376487
376786
377084
377380
377673
377966
378265
378564
378859
379161
379466
379771
380074
380381
380687
380992
381298
381609
381918
382222
382536
382846
383154
383461
383771
384081
384389
384700
385016
385325
385633
385943
386257
386566
386872
387179
387491
387796
388097
388400
388706
389007
389305
389602
389914
390218
390520
390824
391137
391448
391760
392070
392387
392702
393014
393332
393652
393966
394282
394605
394923
395237
395554
395874
396188
396499
396816
397132
397445
397760
398079
398393
398705
399019
399333
399643
399948
400258
400568
400875
401180
401488
401797
402101
402400
402701
403003
403297
403588
403884
404185
404492
404802
405109
405422
405734
406048
406359
406676
406987
407294
407600
407907
408207
408506
408811
409121
409426
409734
410046
410354
410663
410977
411288
411596
411908
412218
412525
412820
413122
413410
413698
413979
414262
414539
414811
415086
415357
415628
415898
416169
416442
416718
416988
417254
417517
417773
418024
418270
418512
418751
418988
419222
419457
419691
419929
420168
420413
420665
420925
421193
421464
421737
422017
422297
422576
422855
423132
423413
423690
423965
424246
424528
424823
425120
425409
425700
425993
426283
426574
426870
427163
427452
427741
428031
428318
428605
428893
429185
429475
429762
430052
430345
430631
430917
431201
431485
431763
432040
432321
432601
432885
433168
433454
433748
434037
434325
434615
434913
435208
435505
435804
436111
436416
436722
437024
437331
437638
437943
438245
438552
438857
439159
439463
439770
440074
440373
440676
440980
441284
441584
441890
442195
442499
442804
443113
443423
443727
444034
444343
444649
444950
445251
445547
445836
446120
446406
446694
446976
447255
447537
447821
448105
448387
448669
448962
449250
449543
449836
450135
450440
450746
451047
451350
451659
451961
452258
452561
452871
453178
453478
453782
454090
454391
454685
454981
455279
455567
455856
456148
456441
456728
457025
457319
457615
457909
458210
458509
458811
459114
459423
459728
460024
460326
460625
460920
461208
461495
461787
462070
462352
462638
462926
463210
463492
463777
464066
464354
464642
464934
465231
465526
465815
466104
466397
466698
466990
467286
467590
467893
468188
468487
468788
469093
469390
469689
469991
470294
470594
470908
471213
471512
471822
472131
472431
472728
473035
473336
473629
473928
474232
474526
474820
475116
475410
475699
475986
476276
476566
476854
477141
477437
477741
478049
478348
478658
478960
479257
479546
479839
480131
480420
480706
481001
481295
481589
481885
482179
482479
482769
483059
483353
483656
483952
484245
484536
484834
485124
485414
485703
485996
486285
486577
486874
487179
487491
487798
488098
488397
488693
488990
489287
489594
489902
490211
490526
490846
491163
491477
491791
492089
492381
492661
492939
493215
493494
493767
494049
494333
494617
494904
495191
495475
495759
496045
496328
496614
496898
497181
497464
497750
498041
498331
498622
498912
499195
499477
499751
500022
500289
500551
500813
501072
501331
501592
501856
502120
502388
502658
502931
503203
503479
503755
504027
504301
504574
504843
505112
505381
505649
505918
506188
506459
506729
506996
507265
507534
507802
508068
508334
508600
508864
509129
509395
509662
509927
510192
510457
510724
510989
511255
511523
511789
512054
512318
512582
512847
513110
513371
513632
513896
514161
514422
514684
514946
515208
515469
515732
515999
516268
516544
516821
517093
517365
517643
517926
518211
518496
518787
519080
519373
519665
519957
520245
520525
520809
521090
521372
521655
521947
522235
522524
522817
523120
523414
523707
523997
524287
524570
524853
525135
525416
525696
525975
526254
526536
526816
527094
527375
527657
527936
528212
528488
528770
529053
529336
529616
529896
530176
530449
530721
530995
531274
531554
531834
532112
532396
532682
532970
533253
533542
533834
534126
534417
534704
534999
535293
535585
535875
536167
536455
536741
537029
537320
537605
537890
538175
538464
538752
539034
539320
539614
539907
540197
540492
540789
541084
541375
541667
541958
542247
542538
542831
543129
543418
543704
543993
544281
544568
544849
545128
545406
545682
545959
546232
546506
546784
547063
547346
547633
547930
548229
548528
548822
549123
549424
549721
550016
550317
550608
550892
551176
551464
551753
552048
552338
552635
552927
553219
553512
553804
554091
554380
554671
554957
555245
555539
555828
556112
556401
556686
556968
557252
557538
557823
558106
558388
558672
558950
559224
559499
559773
560047
560318
560584
560854
561123
561392
561660
561931
562205
562478
562750
563023
563294
563571
563848
564123
564400
564691
564990
565287
565580
565880
566177
566471
566767
567068
567366
567661
567957
568252
568535
568813
569091
569363
569633
569905
570180
570456
570734
571017
571303
571585
571864
572147
572432
572717
572998
573286
573576
573861
574143
574427
574712
574994
575270
575547
575823
576098
576370
576644
576919
577192
577465
577739
578016
578299
578579
578859
579141
579428
579715
580000
580285
580577
580869
581162
581451
581747
582035
582326
582611
582902
583191
583483
583772
584069
584362
584659
584954
585253
585551
585846
586146
586446
586744
587041
587340
587631
587915
588203
588492
588776
589057
589345
589628
589909
590187
590468
590752
591033
591314
591595
591875
592151
592424
592696
592968
593241
593512
593785
594060
594337
594613
594890
595164
595448
595730
596011
596294
596589
596886
597184
597476
597776
598074
598372
598665
598967
599263
599556
599844
600139
600427
600715
601004
601299
601592
601880
602167
602451
602733
603010
603291
603575
603856
604134
604419
604703
604984
605261
605538
605817
606098
606374
606655
606937
607215
607490
607764
608042
608318
608596
608874
609160
609449
609732
610011
610291
610571
610851
611131
611409
611690
611975
612256
612537
612818
613100
613380
613663
613947
614237
614531
614823
615112
615400
615690
615979
616265
616549
616844
617132
617422
617708
617999
618288
618571
618857
619142
619424
619702
619980
620260
620541
620820
621102
621390
621677
621963
622249
622538
622821
623101
623383
623666
623948
624224
624501
624779
625055
625328
625604
625880
626154
626426
626697
626972
627245
627516
627787
628061
628333
628602
628873
629147
629419
629693
629965
630239
630519
630800
631084
631367
631654
631942
632231
632516
632808
633104
633395
633683
633971
634258
634541
634818
635097
635377
635657
635932
636213
636496
636776
637056
637336
637618
637897
638172
638450
638731
639009
639286
639566
639850
640130
640408
640685
640965
641247
641525
641806
642089
642372
642650
642926
643205
643483
643759
644032
644309
644590
644867
645142
645418
645694
645968
646242
646522
646810
647093
647376
647653
647935
648219
648503
648788
649074
649364
649654
649946
650234
650529
650822
651115
651406
651702
651994
652281
652571
652860
653145
653424
653703
653982
654257
654532
654810
655092
655371
655648
655928
656209
656486
656757
657031
657307
657580
657854
658127
658406
658682
658959
659233
659512
659790
660064
660337
660612
660885
661155
661422
661691
661965
662239
662514
662791
663086
663381
663670
663958
664252
664545
664838
665127
665419
665714
666003
666289
666570
666856
667138
667416
667695
667977
668255
668530
668803
669075
669350
669622
669894
670172
670449
670724
670997
671270
671541
671810
672078
672349
672621
672891
673158
673425
673696
673963
674230
674498
674767
675032
675296
675564
675831
676096
676359
676623
676885
677148
677410
677671
677936
678204
678471
678737
679006
679276
679545
679816
680083
680352
680624
680895
681164
681436
681713
681990
682265
682541
682821
683099
683378
683654
683935
684221
684505
684788
685069
685356
685638
685916
686196
686480
686766
687050
687339
687632
687922
688210
688501
688793
689082
689369
689655
689933
690206
690478
690752
691024
691297
691568
691847
692120
692392
692664
692940
693211
693483
693752
694025
694297
694566
694832
695100
695369
695635
695899
696162
696427
696692
696959
697231
697504
697786
698064
698342
698621
698903
699185
699465
699742
700020
700305
700590
700876
701159
701449
701739
702027
702313
702605
702895
703181
703468
703759
704048
704332
704619
704903
705186
705464
705743
706017
706288
706557
706828
707095
707353
707612
707869
708121
708379
708647
708923
709189
709455
709721
709987
710255
710520
710783
711044
711299
711549
711796
712036
712274
712506
712740
712972
713203
713432
713661
713887
714113
714338
714565
714792
715021
715248
715478
715709
715942
716176
716410
716644
716879
717116
717354
717597
717844
718096
718354
718617
718884
719155
719429
719706
719981
720263
720546
720828
721109
721394
721677
721957
722234
722512
722787
723067
723352
723635
723915
724200
724482
724762
725040
725323
725606
725884
726171
726459
726745
727032
727323
727615
727907
728199
728494
728784
729069
729349
729624
729901
730178
730453
730733
731011
731289
731567
731845
732118
732391
732666
732939
733211
733485
733761
734037
734311
734590
734878
735163
735447
735734
736022
736310
736601
736899
737190
737484
737776
738061
738345
738630
738912
739191
739473
739758
740049
740345
740637
740929
741226
741517
741802
742088
742369
742648
742929
743206
743482
743756
744032
744306
744576
744841
745110
745377
745644
745907
746174
746443
746715
746986
747262
747547
747830
748109
748388
748671
748949
749226
749499
749784
750065
750345
750625
750908
751196
751482
751766
752054
752344
752632
752917
753203
753491
753777
754062
754347
754633
754920
755209
755501
755792
756082
756376
756672
756965
757256
757547
757836
758115
758399
758684
758973
759259
759554
759846
760131
760417
760702
760984
761259
761536
761815
762095
762370
762647
762926
763201
763474
763749
764029
764311
764590
764873
765156
765433
765710
765985
766260
766541
766824
767113
767410
767706
768001
768293
768593
768893
769190
769483
769782
770077
770370
770662
770957
771252
771537
771824
772113
772391
772663
772940
773222
773509
773796
774097
774392
774686
774976
775270
775560
775845
776131
776425
776726
777026
777319
777613
777904
778191
778473
778759
779043
779321
779598
779877
780155
780432
780708
780986
781262
781536
781807
782082
782356
782631
782906
783179
783458
783738
784019
784298
784578
784860
785134
785410
785685
785959
786235
786518
786799
787081
787369
787657
787941
788223
788513
788799
789083
789364
789646
789923
790195
790468
790743
791017
791291
791565
791842
792115
792385
792655
792923
793187
793449
793712
793976
794241
794506
794774
795047
795325
795601
795873
796150
796430
796713
796995
797274
797561
797852
798141
798426
798714
799005
799293
799579
799860
800147
800433
800720
801008
801300
801591
801884
802175
802468
802765
803056
803349
803645
803939
804229
804524
804819
805111
805399
805685
805968
806247
806522
806801
807074
807345
807618
807894
808169
808446
808725
809006
809287
809560
809833
810106
810376
810642
810905
811170
811439
811709
811979
812283
812572
812862
813151
813441
813733
814030
814327
814626
814922
815226
815529
815834
816136
816436
816744
817048
817353
817655
817957
818259
818564
818868
819179
819489
819806
820119
820436
820752
821066
821378
821701
822016
822334
822646
822951
823266
823579
823889
824209
824529
824838
825140
825440
825728
826013
826291
826589
827145
827510
827842
828177
828515
828840
829159
829484
829804
830120
830430
830736
831039
831336
831630
831918
832219
832512
832805
833096
833400
833734
834052
834387
834718
835059
835392
835730
836063
836391
836721
837043
837358
837668
837971
838268
838559
838864
839175
839491
839801
840115
840436
840757
841074
841399
841722
842033
842334
842633
842914
843193
843460
843715
843964
844208
844454
844704
844952
845200
845448
845694
845938
846181
846421
846659
846894
847127
847358
847588
847820
848051
848284
848517
848752
848990
849232
849481
849728
849984
850245
850508
850773
851046
851317
851590
851864
852135
852407
852681
852954
853224
853498
853776
854057
854347
854639
854933
855236
855528
855822
856109
856396
856682
856963
857248
857537
857822
858103
858385
858669
858950
859242
859536
859819
860114
860395
860682
860968
861248
861532
861822
862110
862404
862703
863005
863300
863593
863884
864179
864463
864741
865018
865298
865581
865865
866147
866425
866701
866976
867252
867529
867811
868090
868369
868653
868937
869228
869524
869815
870106
870409
870710
871006
871301
871596
871886
872173
872466
872758
873045
873328
873617
873902
874185
874469
874762
875058
875358
875651
875943
876230
876505
876777
877045
877308
877570
877828
878086
878345
878604
878871
879147
879424
879710
880003
880295
880587
880883
881181
881480
881780
882089
882395
882698
882996
883299
883599
883894
884187
884483
884777
885070
885359
885653
885942
886233
886519
886811
887094
887374
887659
887946
888231
888512
888797
889075
889356
889638
889911
890191
890475
890756
891036
891317
891601
891881
892163
892450
892739
893038
893323
893603
893882
894155
894422
894685
894947
895206
895460
895714
895972
896233
896500
896764
897027
897292
897554
897817
898078
898338
898595
898858
899124
899393
899660
899926
900191
900460
900730
901000
901273
901548
901833
902121
902404
902682
902964
903248
903526
903799
904079
904362
904657
904954
905247
905540
905836
906128
906417
906699
906972
907241
907507
907774
908053
908335
908632
908929
909220
909514
909804
910085
910360
910633
910908
911179
911450
911722
912001
912292
912599
912890
913179
913471
913763
914053
914343
914631
914915
915203
915498
915782
916071
916355
916639
916929
917222
917522
917814
918106
918403
918697
918988
919276
919561
919848
920128
920406
920682
920961
921236
921504
921774
922050
922332
922631
922923
923222
923524
923826
924121
924418
924716
925011
925302
925593
925868
926144
926423
926700
926983
927268
927558
927863
928158
928458
928763
929066
929374
929679
929980
930277
930572
930873
931169
931458
931747
932047
932339
932643
932936
933237
933541
933840
934135
934435
934738
935041
935342
935637
935936
936227
936506
936788
937084
937400
937705
938008
938307
938613
938922
939226
939532
939834
940137
940439
940730
