---
Mammal:            mouse
Fs:                1000
Integration_level: electrocardiogram

Channels:

    - type:   peak
      name:   Data
      unit:   index
      enable: yes

---

63
154
244
335
425
515
606
696
786
877
967
1057
1148
1238
1328
1419
1509
1599
1689
1779
1869
1959
2050
2141
2231
2323
2437
2557
2672
2779
2896
3020
3130
3232
3330
3427
3524
3619
3715
3812
3908
4003
4099
4195
4291
4386
4480
4576
4671
4766
4861
4956
5051
5146
5244
5340
5436
5531
5626
5719
5812
5906
6003
6099
6193
6288
6384
6479
6573
6668
6764
6859
6953
7046
7140
7235
7330
7423
7517
7611
7705
7798
7891
7984
8077
8169
8261
8353
8445
8537
8629
8722
8814
8905
8997
9089
9180
9273
9366
9460
9554
9647
9741
9836
9933
10031
10127
10223
10317
10410
10503
10596
10689
10782
10874
10967
11059
11151
11243
11335
11427
11518
11611
11709
11807
11902
11998
12091
12184
12277
12370
12463
12555
12646
12737
12829
12920
13012
13105
13201
13295
13392
13495
13593
13691
13788
13885
13981
14076
14170
14265
14359
14453
14546
14639
14732
14826
14922
15028
15132
15234
15335
15434
15532
15631
15729
15828
15931
16033
16133
16229
16324
16420
16517
16617
16715
16811
16906
17001
17096
17190
17284
17378
17472
17565
17657
17750
17842
17937
18035
18134
18236
18334
18432
18529
18627
18723
18819
18914
19011
19107
19202
19296
19390
19484
19578
19673
19766
19861
19955
20048
20142
20236
20330
20433
20545
20672
20783
20902
21025
21149
21266
21380
21485
21586
21684
21782
21881
21990
22097
22205
22317
22421
22522
22624
22727
22835
22938
23039
23140
23239
23337
23433
23528
23622
23716
23809
23902
23994
24085
24176
24267
24356
24446
24536
24625
24714
24803
24892
24980
25068
25157
25245
25333
25421
25509
25597
25684
25772
25860
25948
26036
26124
26212
26299
26386
26474
26562
26650
26738
26826
26914
27002
27091
27181
27281
27395
27499
27602
27701
27799
27902
28001
28099
28200
28297
28393
28488
28585
28681
28785
28888
29009
29141
29268
29398
29521
29659
29803
29948
30075
30186
30291
30392
30495
30604
30718
30829
30938
31065
31186
31306
31429
31546
31657
31763
31868
31973
32094
32226
32353
32470
32575
32678
32785
32889
32991
33091
33191
33295
33398
33499
33596
33694
33791
33888
33993
34103
34217
34347
34471
34587
34709
34824
34930
35034
35135
35238
35349
35486
35610
35742
35886
36049
36216
36361
36515
36664
36797
36918
37025
37130
37235
37339
37442
37543
37642
37741
37839
37937
38032
38127
38220
38313
38405
38497
38588
38678
38769
38858
38948
39038
39127
39215
39304
39392
39480
39568
39656
39744
39831
39919
40007
40094
40182
40271
40359
40448
40536
40624
40715
40829
40939
41042
41148
41246
41344
41443
41540
41636
41735
41836
41941
42053
42192
42310
42430
42538
42638
42735
42832
42935
43043
43144
43241
43338
43433
43528
43623
43716
43809
43901
43993
44085
44176
44267
44358
44449
44540
44630
44721
44812
44902
44992
45082
45171
45260
45352
45446
45548
45656
45758
45857
45955
46056
46164
46276
46412
46521
46639
46745
46848
46966
47086
47203
47334
47456
47580
47694
47811
47926
48035
48139
48238
48339
48440
48541
48642
48743
48844
48945
49047
49148
49247
49345
49441
49538
49633
49727
49826
49925
50023
50119
50214
50308
50403
50497
50590
50685
50784
50884
50980
51075
51168
51261
51353
51444
51534
51624
51713
51801
51889
51977
52064
52151
52238
52325
52412
52499
52585
52672
52758
52844
52931
53017
53102
53188
53273
53358
53444
53529
53615
53701
53786
53872
53958
54045
54132
54219
54305
54391
54478
54564
54650
54736
54822
54908
54993
55080
55167
55253
55340
55426
55511
55597
55683
55770
55856
55942
56028
56113
56199
56284
56370
56455
56540
56626
56711
56796
56881
56966
57050
57135
57220
57305
57390
57475
57559
57644
57729
57814
57899
57984
58069
58154
58239
58323
58408
58494
58578
58664
58750
58835
58920
59005
59091
59178
59265
59352
59440
59527
59616
59708
59804
59901
60000
60096
60193
60288
60381
60476
60567
60658
60750
60840
60931
61021
61112
61208
61298
61388
61478
61568
61658
61747
61836
61927
62017
62106
62195
62284
62373
62462
62551
62641
62729
62818
62907
62999
63090
63179
63268
63357
63446
63535
63623
63711
63799
63887
63973
64061
64148
64235
64323
64410
64499
64592
64690
64790
64899
65006
65103
65200
65307
65411
65513
65611
65708
65806
65901
65996
66091
66185
66277
66370
66462
66553
66645
66740
66840
66943
67043
67147
67264
67377
67501
67621
67739
67847
67950
68051
68150
68248
68345
68443
68543
68644
68749
68854
68957
69056
69154
69250
69349
69463
69579
69692
69807
69919
70032
70142
70263
70381
70499
70612
70721
70827
70930
71032
71134
71241
71372
71497
71623
71754
71880
72017
72149
72272
72393
72515
72635
72755
72872
72992
73111
73229
73343
73450
73556
73684
73815
73944
74077
74208
74338
74469
74591
74710
74828
74939
75047
75163
75286
75419
75556
75697
75846
75995
76118
76228
76333
76436
76537
76638
76738
76837
76938
77054
77163
77265
77363
77460
77554
77648
77741
77833
77925
78018
78117
78234
78357
78477
78597
78725
78852
78964
79066
79168
79281
79396
79511
79622
79733
79842
79967
80102
80226
80346
80455
80557
80657
80755
80853
80948
81045
81143
81241
81338
81435
81539
81670
81790
81904
82009
82111
82211
82311
82409
82530
82647
82756
82861
82965
83074
83178
83281
83384
83505
83631
83745
83851
83955
84058
84161
84276
84405
84533
84666
84801
84941
85063
85192
85312
85420
85525
85635
85771
85906
86035
86149
86252
86355
86464
86592
86710
86843
86979
87117
87256
87405
87550
87677
87784
87887
87988
88090
88193
88295
88396
88496
88596
88694
88795
88906
89031
89162
89286
89411
89542
89677
89804
89931
90048
90159
90274
90385
90492
90595
90697
90799
90906
91011
91117
91228
91338
91444
91548
91653
91756
91855
91954
92050
92148
92252
92360
92471
92604
92729
92858
92998
93153
93269
93374
93484
93609
93727
93840
93947
94054
94160
94263
94363
94462
94561
94659
94755
94850
94945
95039
95132
95226
95318
95410
95503
95596
95705
95817
95922
96024
96124
96225
96325
96423
96519
96614
96708
96806
96915
97048
97167
97285
97406
97520
97651
97779
97906
98017
98118
98216
98312
98406
98500
98593
98686
98781
98877
98972
99066
99159
99251
99341
99431
99521
99614
99705
99795
99885
99975
100064
100154
100244
100333
100422
100510
100599
100689
100778
100870
100981
101096
101199
101299
101403
101541
101664
101793
101932
102072
102188
102292
102392
102488
102583
102677
102771
102867
102964
103064
103164
103260
103357
103467
103593
103717
103836
103962
104095
104210
104312
104411
104511
104617
104722
104834
104956
105070
105181
105297
105403
105505
105604
105701
105796
105890
105984
106077
106171
106264
106357
106448
106539
106633
106736
106838
106935
107030
107124
107215
107307
107398
107488
107578
107669
107760
107850
107938
108029
108119
108208
108297
108388
108479
108572
108668
108772
108880
108980
109082
109185
109286
109390
109493
109604
109715
109819
109929
110039
110155
110290
110401
110509
110624
110737
110850
110978
111105
111224
111351
111472
111587
111715
111837
111958
112083
112214
112344
112466
112599
112720
112845
112967
113090
113215
113342
113474
113597
113723
113849
113975
114108
114242
114365
114485
114599
114712
114824
114943
115076
115198
115321
115450
115572
115703
115838
115968
116095
116230
116357
116480
116597
116708
116820
116931
117039
117150
117262
117378
117500
117616
117727
117835
117940
118044
118148
118248
118349
118450
118549
118647
118742
118839
118934
119028
119122
119216
119310
119406
119507
119606
119704
119803
119900
119998
120092
120187
120281
120375
120469
120562
120657
120753
120848
120945
121039
121147
121267
121376
121485
121596
121718
121837
121960
122080
122204
122323
122441
122549
122671
122803
122916
123039
123173
123300
123428
123559
123680
123789
123893
123997
124100
124206
124309
124410
124513
124629
124754
124873
124997
125115
125224
125327
125428
125527
125625
125721
125817
125911
126004
126096
126187
126277
126366
126455
126543
126631
126718
126805
126891
126977
127063
127149
127235
127321
127407
127493
127578
127663
127749
127834
127919
128004
128089
128174
128259
128345
128431
128516
128602
128687
128773
128858
128944
129029
129114
129200
129286
129372
129459
129544
129630
129716
129803
129895
129991
130087
130190
130304
130405
130513
130628
130733
130860
130991
131122
131267
131396
131557
131716
131855
132002
132141
132243
132338
132438
132537
132645
132754
132861
132964
133064
133163
133262
133359
133460
133563
133668
133774
133874
133974
134077
134180
134284
134421
134544
134668
134796
134928
135041
135143
135244
135343
135442
135542
135641
135738
135836
135936
136034
136133
136230
136326
136420
136516
136614
136710
136805
136924
137049
137171
137298
137423
137554
137686
137796
137898
138001
138120
138256
138392
138531
138662
138797
138921
139040
139150
139254
139358
139464
139578
139705
139839
139978
140123
140278
140425
140556
140666
140769
140868
140967
141066
141165
141263
141360
141459
141558
141655
141751
141846
141940
142034
142129
142222
142316
142409
142524
142653
142765
142882
142998
143107
143214
143316
143415
143514
143630
143746
143876
143998
144106
144221
144353
144484
144619
144766
144945
145123
145274
145403
145516
145621
145723
145829
145939
146044
146145
146247
146353
146456
146555
146654
146752
146849
146947
147045
147141
147236
147329
147422
147515
147607
147720
147847
147965
148084
148204
148321
148429
148530
148627
148723
148818
148912
149005
149099
149192
149286
149379
149472
149565
149659
149753
149854
149972
150076
150177
150279
150380
150480
150583
150687
150797
150899
151000
151102
151202
151299
151394
151489
151581
151673
151764
151854
151944
152033
152121
152209
152296
152383
152471
152557
152643
152729
152815
152900
152986
153071
153156
153241
153326
153411
153495
153580
153665
153750
153834
153918
154002
154086
154171
154255
154339
154422
154506
154589
154672
154755
154839
154923
155007
155091
155175
155258
155342
155427
155510
155594
155680
155768
155855
155941
156027
156116
156205
156293
156386
156477
156570
156661
156751
156840
156929
157018
157107
157195
157283
157371
157458
157545
157631
157717
157803
157890
157976
158064
158155
158245
158336
158428
158523
158622
158716
158815
158909
159002
159094
159185
159275
159364
159454
159543
159631
159723
159813
159906
159998
160094
160188
160280
160372
160463
160555
160645
160738
160831
160924
161015
161106
161198
161291
161385
161489
161590
161696
161797
161892
161987
162081
162174
162266
162358
162449
162540
162630
162723
162818
162916
163017
163118
163215
163311
163407
163503
163599
163696
163796
163899
164003
164120
164229
164330
164433
164537
164638
164738
164838
164935
165031
165126
165219
165312
165404
165496
165587
165676
165765
165854
165942
166030
166117
166204
166290
166376
166463
166553
166642
166729
166816
166904
166992
167082
167177
167269
167358
167448
167540
167631
167729
167824
167919
168013
168108
168201
168292
168383
168472
168561
168649
168737
168824
168911
168998
169084
169170
169256
169341
169427
169513
169600
169687
169775
169862
169950
170036
170122
170210
170300
170398
170495
170588
170679
170768
170859
170948
171038
171126
171214
171302
171389
171477
171563
171650
171737
171823
171909
171996
172086
172177
172267
172355
172444
172532
172620
172708
172796
172883
172970
173057
173144
173231
173317
173404
173490
173577
173663
173749
173834
173921
174007
174094
174180
174267
174354
174441
174532
174623
174712
174802
174893
174987
175078
175171
175263
175358
175455
175554
175661
175762
175858
175959
176059
176154
176248
176340
176432
176524
176614
176705
176802
176898
176995
177091
177187
177282
177377
177472
177565
177658
177750
177841
177932
178024
178119
178215
178308
178402
178496
178589
178682
178773
178867
178961
179053
179145
179237
179329
179421
179514
179611
179716
179837
179950
180054
180152
180250
180348
180446
180546
180645
180744
180844
180950
181053
181169
181271
181372
181476
181577
181675
181773
181869
181964
182059
182155
182252
182359
182483
182587
182700
182821
182926
183024
183121
183218
183313
183411
183509
183618
183726
183849
183956
184054
184152
184248
184350
184452
184576
184684
184784
184880
184976
185074
185169
185264
185362
185458
185552
185644
185735
185826
185916
186006
186098
186194
186296
186400
186501
186597
186694
186789
186885
186982
187076
187168
187258
187347
187435
187523
187611
187699
187785
187872
187960
188047
188138
188230
188322
188414
188505
188593
188680
188767
188853
188939
189025
189110
189195
189280
189366
189454
189541
189627
189713
189798
189883
189967
190052
190137
190222
190309
190395
190483
190572
190662
190753
190841
190928
191015
191102
191188
191274
191359
191444
191530
191614
191699
191784
191870
191954
192040
192126
192211
192297
192383
192469
192555
192642
192729
192816
192906
193006
193099
193193
193291
193389
193487
193589
193695
193795
193894
193993
194093
194194
194299
194408
194508
194608
194713
194814
194917
195015
195112
195207
195305
195412
195519
195629
195740
195844
195956
196076
196188
196309
196423
196530
196647
196758
196864
196978
197085
197185
197286
197389
197499
197607
197712
197811
197913
198015
198113
198211
198308
198409
198526
198642
198748
198850
198950
199047
199142
199240
199338
199437
199537
199637
199734
199829
199923
200014
200104
200194
200285
200376
200467
200558
200652
200753
200858
200967
201072
201176
201289
201401
201514
201618
201720
201818
201916
202013
202108
202202
202296
202389
202480
202572
202664
202756
202850
202945
203045
203141
203237
203335
203434
203537
203639
203742
203844
203943
204038
204132
204230
204329
204438
204554
204661
204764
204864
204961
205055
205149
205242
205334
205426
205518
205610
205701
205792
205894
206015
206126
206232
206338
206438
206536
206632
206728
206822
206916
207009
207103
207195
207288
207389
207496
207618
207736
207853
207974
208097
208210
208312
208412
208512
208610
208709
208809
208919
209035
209148
209262
209375
209480
209582
209683
209782
209880
209980
210080
210178
210280
210381
210480
210580
210677
210774
210870
210965
211060
211154
211247
211346
211449
211559
211665
211774
211882
211989
212088
212186
212288
212401
212505
212609
212711
212809
212905
213002
213097
213191
213286
213398
213517
213628
213737
213844
213948
214048
214159
214283
214402
214524
214634
214760
214881
215007
215140
215258
215383
215508
215627
215745
215859
215975
216102
216222
216340
216451
216557
216658
216759
216860
216960
217064
217168
217280
217402
217525
217649
217766
217875
217979
218081
218181
218282
218382
218481
218580
218679
218776
218872
218968
219064
219159
219253
219347
219440
219534
219635
219737
219843
219949
220055
220164
220279
220399
220514
220628
220734
220839
220956
221063
221162
221259
221361
221461
221559
221654
221751
221858
221968
222070
222171
222280
222399
222521
222633
222737
222846
222949
223055
223174
223284
223410
223532
223659
223784
223915
224045
224178
224309
224452
224594
224745
224890
225015
225128
225231
225335
225445
225558
225666
225773
225877
225981
226090
226203
226309
226413
226518
226632
226746
226877
227004
227139
227277
227400
227525
227659
227782
227900
228005
228108
228213
228317
228421
228525
228634
228739
228843
228967
229094
229204
229315
229427
229544
229671
229792
229910
230019
230138
230259
230380
230502
230618
230733
230846
230956
231065
231182
231291
231406
231539
231664
231774
231890
232003
232127
232252
232384
232503
232615
232720
232822
232927
233032
233138
233247
233361
233476
233586
233692
233798
233905
234016
234132
234243
234361
234487
234613
234745
234872
235010
235137
235266
235393
235514
235621
235723
235824
235924
236022
236120
236217
236314
236409
236504
236599
236694
236788
236883
236993
237101
237222
237340
237457
237569
237673
237780
237889
237992
238096
238216
238338
238464
238595
238724
238863
239002
239141
239265
239405
239552
239693
239815
239921
240024
240124
240226
240328
240430
240532
240633
240733
240833
240931
241031
241162
241277
241390
241499
241602
241703
241800
241904
242023
242144
242262
242381
242495
242615
242737
242848
242971
243095
243215
243337
243461
243588
243715
243836
243956
244076
244197
244322
244441
244558
244664
244767
244868
244971
245072
245174
245273
245372
245474
245577
245681
245804
245927
246055
246180
246294
246396
246494
246592
246688
246783
246877
246971
247064
247157
247250
247342
247434
247526
247620
247718
247820
247920
248016
248111
248205
248301
248398
248500
248606
248715
248824
248929
249043
249165
249283
249399
249521
249652
249774
249908
250046
250164
250270
250379
250499
250641
250777
250915
251034
251144
251252
251365
251504
251640
251775
251908
252042
252167
252274
252377
252477
252577
252675
252773
252870
252968
253067
253165
253263
253358
253453
253548
253643
253737
253831
253924
254017
254109
254202
254297
254391
254483
254575
254667
254759
254850
254941
255032
255132
255234
255335
255432
255527
255621
255713
255805
255897
255988
256080
256175
256269
256361
256457
256563
256672
256777
256876
256976
257088
257200
257318
257439
257551
257657
257757
257856
257954
258052
258149
258246
258343
258441
258539
258640
258746
258855
258964
259072
259186
259302
259416
259525
259647
259770
259899
260016
260120
260220
260318
260433
260553
260686
260820
260946
261080
261228
261356
261458
261558
261667
261781
261906
262021
262128
262229
262328
262427
262530
262644
262776
262901
263025
263146
263254
263355
263455
263552
263649
263744
263839
263933
264028
264122
264216
264308
264401
264508
264618
264727
264843
264955
265069
265177
265277
265374
265469
265563
265657
265751
265844
265936
266029
266125
266233
266353
266465
266569
266681
266800
266920
267031
267135
267236
267334
267429
267529
267646
267766
267879
267999
268112
268215
268323
268428
268541
268658
268771
268893
269018
269135
269259
269389
269511
269639
269770
269898
270016
270137
270249
270354
270458
270560
270661
270761
270862
270969
271084
271199
271318
271428
271538
271641
271740
271838
271935
272031
272126
272221
272314
272410
272512
272635
272754
272869
272984
273091
273192
273290
273385
273480
273575
273672
273768
273863
273958
274052
274146
274243
274339
274434
274530
274624
274717
274811
274913
275041
275156
275272
275390
275507
275627
275752
275867
275972
276075
276179
276279
276376
276472
276567
276661
276756
276850
276944
277037
277131
277224
277318
277411
277503
277595
277687
277778
277869
277960
278050
278147
278247
278340
278434
278528
278621
278714
278815
278917
279017
279125
279226
279325
279422
279519
279621
279739
279855
279976
280098
280220
280332
280443
280571
280679
280784
280887
280989
281102
281210
281319
281442
281557
281665
281770
281874
281976
282078
282180
282279
282381
282494
282602
282717
282836
282954
283068
283182
283299
283414
283523
283628
283729
283833
283941
284047
284149
284250
284349
284448
284546
284645
284742
284839
284935
285031
285126
285222
285316
285410
285504
285598
285695
285796
285892
285988
286102
286206
286305
286404
286519
286622
286733
286855
286968
287086
287209
287336
287464
287584
287713
287842
287962
288084
288204
288319
288432
288540
288646
288755
288865
288973
289094
289211
289329
289443
289553
289661
289765
289867
289969
290069
290169
290269
290367
290463
290559
290654
290747
290840
290934
291027
291126
291231
291336
291431
291527
291623
291717
291809
291900
291990
292080
292169
292257
292345
292432
292519
292606
292692
292779
292865
292951
293037
293122
293208
293293
293378
293463
293548
293633
293718
293803
293887
293972
294056
294141
294225
294310
294394
294478
294562
294646
294730
294814
294898
294982
295066
295149
295233
295317
295400
295484
295567
295651
295735
295819
295902
295986
296070
296153
296237
296321
296405
296491
296578
296673
296766
296853
296942
297031
297127
297216
297304
297392
297480
297570
297659
297749
297839
297927
298015
298103
298190
298278
298373
298464
298557
298649
298750
298850
298949
299046
299144
299240
299336
299432
299526
299620
299716
299816
299915
300019
300122
300224
300324
300419
300514
300609
300707
300803
300903
301001
301122
301225
301333
301447
301547
301646
301750
301852
301950
302047
302144
302240
302337
302432
302525
302619
302713
302806
302900
302995
303093
303189
303284
303378
303474
303569
303665
303766
303867
303967
304070
304171
304270
304368
304466
304563
304657
304753
304854
304964
305072
305176
305284
305412
305529
305645
305758
305863
305966
306067
306167
306268
306391
306512
306639
306767
306905
307046
307192
307329
307450
307577
307706
307843
307976
308100
308218
308339
308458
308573
308683
308788
308894
309000
309109
309231
309361
309485
309605
309721
309836
309948
310056
310168
310288
310412
310529
310653
310773
310888
311002
311113
311224
311333
311444
311553
311680
311802
311918
312040
312167
312296
312424
312559
312683
312815
312957
313101
313232
313362
313493
313616
313733
313845
313960
314072
314182
314294
314405
314514
314642
314778
314903
315024
315145
315265
315373
315476
315577
315677
315775
315873
315970
316067
316162
316257
316351
316445
316554
316676
316791
316897
316997
317096
317194
317290
317384
317478
317571
317664
317755
317847
317939
318031
318121
318212
318304
318396
318488
318582
318676
318768
318859
318951
319041
319131
319221
319310
319400
319489
319578
319667
319756
319845
319932
320020
320108
320197
320285
320373
320461
320549
320637
320724
320810
320898
320986
321073
321161
321248
321336
321423
321511
321598
321685
321772
321859
321945
322033
322126
322217
322305
322395
322483
322571
322659
322747
322835
322923
323011
323098
323186
323274
323362
323452
323541
323630
323718
323806
323894
323984
324074
324165
324256
324345
324435
324526
324616
324707
324798
324888
324977
325066
325154
325243
325331
325419
325507
325596
325683
325771
325859
325947
326035
326123
326211
326299
326387
326478
326570
326662
326753
326844
326933
327023
327113
327203
327295
327386
327478
327568
327659
327749
327839
327929
328019
328109
328198
328287
328376
328468
328558
328647
328736
328825
328915
329004
329095
329187
329283
329376
329469
329561
329657
329750
329842
329933
330026
330120
330214
330306
330397
330489
330580
330671
330765
330860
330952
331045
331138
331233
331328
331422
331517
331610
331704
331801
331898
331998
332095
332196
332296
332397
332517
332638
332759
332882
333008
333140
333251
333355
333457
333556
333655
333754
333872
333989
334096
334198
334301
334402
334502
334601
334699
334797
334894
334990
335088
335184
335291
335399
335502
335599
335694
335789
335883
335977
336070
336163
336254
336347
336440
336531
336623
336714
336806
336898
337002
337102
337202
337300
337395
337488
337583
337679
337783
337882
337976
338071
338164
338255
338346
338437
338528
338618
338711
338804
338900
338995
339087
339180
339271
339363
339454
339545
339636
339727
339818
339909
340003
340103
340208
340313
340430
340542
340661
340783
340902
341003
341099
341199
341298
341393
341487
341580
341677
341780
341886
341993
342094
342193
342289
342383
342476
342567
342659
342749
342839
342929
343018
343108
343197
343287
343377
343467
343557
343646
343735
343825
343915
344007
344097
344187
344276
344365
344454
344542
344631
344720
344807
344896
344983
345071
345159
345246
345334
345422
345509
345596
345684
345771
345860
345948
346037
346129
346222
346315
346408
346500
346592
346685
346776
346866
346955
347044
347133
347222
347310
347399
347496
347601
347714
347813
347914
348009
348108
348216
348315
348414
348511
348606
348701
348794
348887
348978
349068
349159
349249
349340
349430
349519
349608
349698
349788
349882
349993
350106
350206
350300
350395
350495
350592
350686
350781
350874
350969
351064
351167
351275
351393
351511
351623
351739
351858
351968
352069
352166
352262
352357
352451
352545
352642
352747
352847
352955
353076
353186
353289
353388
353484
353579
353675
353771
353866
353960
354053
354145
354238
354333
354431
354541
354646
354746
354845
354941
355036
355134
355231
355327
355425
355519
355614
355709
355803
355896
355989
356082
356195
356306
356421
356534
356651
356770
356892
357020
357133
357234
357332
357429
357525
357620
357718
357827
357941
358052
358169
358282
358392
358503
358614
358721
358823
358922
359021
359119
359216
359313
359411
359508
359603
359698
359793
359888
360006
360112
360216
360314
360411
360508
360607
360707
360812
360927
361029
361129
361229
361333
361434
361539
361645
361750
361855
361986
362106
362214
362320
362423
362523
362621
362719
362817
362914
363011
363107
363205
363302
363399
363496
363591
363686
363779
363873
363967
364062
364156
364250
364343
364441
364541
364638
364734
364831
364927
365026
365124
365235
365341
365455
365558
365656
365755
365853
365951
366048
366145
366241
366336
366430
366525
366618
366711
366804
366895
366988
367081
367182
367283
367381
367480
367579
367675
367770
367865
367959
368054
368149
368243
368338
368433
368527
368620
368712
368804
368896
368989
369089
369186
369296
369412
369524
369633
369747
369853
369953
370051
370147
370243
370338
370433
370527
370622
370726
370835
370954
371069
371185
371287
371389
371490
371594
371709
371815
371922
372031
372151
372260
372363
372462
372561
372659
372757
372855
372954
373052
373150
373248
373346
373444
373541
373639
373738
373846
373952
374071
374187
374302
374418
374536
374652
374772
374881
375008
375131
375261
375384
375520
375644
375773
375904
376047
376168
376310
376450
376579
376699
376812
376935
377047
377165
377282
377394
377505
377615
377749
377878
378008
378146
378286
378431
378547
378657
378775
378888
379019
379133
379241
379346
379471
379590
379701
379809
379914
380016
380117
380219
380321
380422
380521
380619
380719
380819
380920
381029
381159
381276
381389
381499
381605
381717
381833
381954
382069
382190
382311
382420
382523
382624
382723
382823
382922
383020
383118
383217
383316
383425
383547
383663
383784
383906
384029
384157
384281
384393
384504
384610
384716
384835
384979
385101
385216
385323
385426
385528
385627
385725
385822
385921
386020
386118
386216
386317
386421
386533
386643
386751
386858
386963
387068
387183
387310
387424
387531
387640
387758
387871
387980
388090
388201
388310
388414
388517
388618
388719
388819
388920
389021
389123
389223
389323
389423
389523
389622
389721
389821
389924
390054
390173
390289
390402
390510
390616
390731
390842
390969
391097
391236
391385
391541
391688
391828
391942
392044
392151
392261
392380
392518
392659
392796
392918
393030
393135
393242
393351
393473
393604
393736
393865
393991
394112
394224
394335
394446
394562
394674
394785
394894
395003
395109
395214
395317
395420
395527
395656
395773
395884
395992
396097
396197
396299
396403
396515
396623
396749
396872
396996
397120
397230
397335
397437
397539
397640
397749
397882
398002
398131
398260
398391
398525
398654
398764
398868
398974
399079
399184
399287
399388
399489
399591
399696
399806
399928
400054
400167
400276
400379
400484
400590
400693
400794
400895
400996
401097
401197
401296
401396
401497
401596
401694
401792
401891
401993
402094
402194
402293
402391
402488
402583
402679
402775
402872
402967
403062
403157
403251
403348
403445
403546
403647
403767
403872
403975
404083
404197
404305
404427
404537
404650
404755
404871
404980
405084
405187
405287
405385
405482
405579
405678
405776
405874
405970
406068
406166
406260
406362
406466
406564
406665
406772
406874
406973
407071
407169
407266
407363
407459
407557
407653
407749
407844
407940
408034
408128
408222
408316
408418
408525
408620
408721
408817
408913
409008
409104
409199
409294
409391
409487
409592
409699
409799
409897
409994
410091
410189
410284
410379
410473
410567
410661
410755
410847
410939
411036
411131
411226
411323
411418
411513
411611
411707
411805
411906
412011
412111
412222
412333
412446
412554
412664
412769
412870
412969
413077
413196
413319
413452
413596
413709
413813
413912
414010
414109
414206
414303
414398
414494
414589
414685
414785
414883
414983
415083
415179
415275
415371
415466
415560
415654
415748
415841
415934
416027
416120
416214
416307
416400
416504
416602
416698
416797
416897
416994
417090
417186
417281
417376
417473
417569
417669
417766
417865
417964
418062
418159
418256
418354
418454
418552
418656
418765
418868
418972
419074
419174
419274
419373
419471
419572
419676
419778
419879
419979
420077
420176
420275
420372
420469
420564
420664
420763
420870
420972
421094
421209
421336
421465
421598
421722
421834
421939
422043
422143
422251
422359
422466
422595
422712
422821
422924
423023
423121
423218
423315
423414
423514
423617
423717
423816
423913
424010
424109
424208
424308
424411
424527
424626
424723
424820
424919
425017
425115
425214
425314
425413
425511
425615
425715
425816
425914
426015
426115
426214
426312
426412
426511
426610
426708
426805
426904
427002
427101
427198
427294
427389
427486
427585
427682
427779
427876
427979
428089
428190
428298
428397
428512
428615
428714
428812
428911
429010
429108
429205
429301
429396
429492
429588
429687
429790
429889
430002
430118
430245
430367
430493
430608
430718
430821
430927
431037
431145
431250
431356
431461
431572
431688
431800
431928
432048
432158
432264
432368
432471
432573
432676
432778
432880
432978
433078
433179
433278
433376
433473
433578
433681
433796
433898
433998
434103
434205
434309
434410
434510
434610
434711
434813
434914
435015
435115
435215
435319
435433
435540
435641
435741
435842
435942
436041
436139
436238
436336
436435
436532
436629
436728
436827
436930
437032
437130
437229
437328
437425
437526
437636
437741
437849
437954
438068
438190
438291
438398
438506
438621
438746
438854
438970
439076
439181
439293
439399
439509
439620
439733
439839
439941
440043
440143
440241
440340
440437
440536
440633
440729
440828
440927
441025
441125
441239
441356
441474
441595
441711
441832
441939
442042
442145
442250
442352
442456
442556
442658
442759
442863
442968
443072
443173
443274
443375
443477
443578
443681
443781
443881
443986
444089
444200
444303
444405
444507
444610
444725
444846
444964
445078
445202
445330
445463
445592
445716
445840
445969
446104
446241
446383
446502
446611
446713
446820
446925
447032
447140
447258
447380
447502
447613
447725
447835
447944
448053
448160
448266
448371
448473
448574
448673
448769
448865
448959
449053
449147
449239
449331
449422
449513
449603
449693
449783
449873
449962
450052
450141
450230
450318
450407
450497
450588
450678
450768
450870
450970
451074
451168
451268
451381
451505
451624
451734
451840
451937
452033
452128
452220
452319
452425
452533
452643
452752
452876
452979
453085
453201
453322
453432
453540
453642
453743
453842
453941
454039
454138
454236
454339
454444
454551
454657
454758
454864
454966
455068
455169
455269
455368
455468
455566
455664
455763
455860
455957
456056
456157
456275
456380
456483
456587
456693
456797
456897
457007
457113
457215
457317
457415
457512
457610
457707
457804
457903
458002
458106
458215
458315
458419
458519
458621
458728
458829
458947
459061
459176
459297
459418
459540
459667
459796
459932
460065
460184
460292
460397
460503
460607
460710
460814
460925
461034
461140
461245
461349
461452
461554
461655
461757
461861
461967
462073
462177
462282
462384
462489
462597
462707
462816
462924
463031
463134
463237
463339
463442
463545
463647
463755
463862
463970
464104
464224
464340
464457
464568
464685
464803
464921
465050
465185
465327
465456
465567
465685
465801
465911
466020
466128
466234
466341
466446
466552
466655
466758
466859
466960
467060
467164
467280
467398
467503
467610
467716
467818
467919
468021
468125
468231
468334
468436
468547
468655
468770
468888
469002
469108
469210
469310
469409
469508
469606
469704
469801
469900
469997
470094
470191
470287
470385
470493
470614
470733
470852
470965
471064
471164
471262
471357
471455
471556
471655
471754
471852
471952
472054
472157
472257
472356
472455
472553
472650
472746
472841
472935
473029
473123
473216
473311
473404
473496
473592
473687
473781
473879
473973
474067
474161
474254
474348
474443
474543
474643
474747
474853
474967
475068
475168
475266
475364
475460
475555
475651
475746
475841
475935
476029
476122
476214
476307
476400
476493
476587
476682
476774
476868
476961
477054
477147
477241
477334
477428
477523
477620
477718
477817
477912
478012
478114
478214
478318
478424
478527
478626
478724
478821
478922
479024
479132
479246
479364
479466
479565
479663
479761
479858
479956
480055
480153
480251
480349
480447
480544
480642
480744
480841
480941
481038
481134
481229
481326
481421
481517
481615
481712
481812
481912
482010
482110
482208
482305
482402
482498
482595
482690
482785
482886
482983
483083
483189
483288
483386
483483
483579
483675
483771
483866
483960
484055
484149
484243
484336
484430
484523
484616
484710
484803
484908
485016
485119
485233
485349
485467
485583
485705
485833
485944
486082
486189
486290
486400
486503
486604
486704
486807
486907
487006
487105
487205
487306
487418
487527
487629
487734
487841
487945
488048
488148
488248
488349
488448
488547
488648
488747
488849
488962
489077
489181
489288
489391
489493
489596
489696
489797
489898
489999
490098
490196
490296
490395
490501
490618
490725
490841
490950
491071
491189
491311
491432
491547
491655
491761
491864
491967
492069
492169
492271
492372
492473
492573
492673
492774
492882
492987
493095
493211
493323
493428
493529
493632
493741
493844
493948
494050
494152
494258
494364
494467
494569
494669
494768
494870
494970
495072
495179
495287
495398
495515
495630
495746
495851
495955
496059
496161
496261
496362
496463
496567
496670
496784
496906
497018
497123
497227
497327
497429
497530
497631
497735
497839
497941
498044
498145
498245
498346
498446
498545
498644
498743
498841
498938
499036
499133
499231
499328
499429
499529
499628
499728
499827
499937
500038
500144
500249
500357
500460
500565
500673
500778
500886
500997
501113
501222
501327
501433
501540
501643
501752
501867
501985
502100
502215
502336
502456
502573
502684
502795
502911
503028
503151
503269
503387
503507
503625
503743
503862
503978
504092
504202
504313
504424
504533
504643
504763
504877
504987
505094
505202
505308
505417
505531
505641
505748
505853
505956
506057
506159
506259
506357
506459
506559
506658
506757
506855
506954
507052
507149
507246
507343
507439
507534
507630
507727
507824
507920
508015
508109
508206
508310
508418
508522
508647
508764
508878
508989
509095
509199
509302
509404
509503
509601
509701
509800
509899
509999
510100
510202
510303
510404
510503
510606
510707
510807
510911
511021
511125
511229
511340
511445
511565
511695
511811
511929
512040
512161
512270
512379
512486
512593
512700
512803
512908
513012
513129
513237
513343
513450
513553
513657
513763
513868
513972
514073
514177
514282
514384
514485
514588
514690
514792
514897
515018
515125
515234
515342
515457
515580
515705
515832
515952
516082
516197
516301
516409
516516
516619
516726
516836
516943
517050
517161
517267
517374
517488
517595
517710
517832
517945
518065
518185
518294
518401
518504
518608
518717
518821
518926
519036
519147
519250
519361
519475
519581
519692
519798
519906
520017
520123
520241
520354
520465
520582
520688
520794
520897
521000
521108
521212
521314
521416
521518
521625
521733
521841
521945
522052
522171
522283
522407
522527
522646
522766
522886
523009
523135
523260
523380
523504
523624
523737
523847
523958
524066
524173
524280
524387
524491
524596
524702
524809
524913
525020
525140
525263
525383
525503
525618
525726
525833
525937
526041
526145
526249
526356
526465
526569
526673
526778
526881
526983
527085
527186
527286
527385
527485
527583
527682
527781
527878
527976
528072
528171
528274
528376
528484
528598
528714
528831
528948
529051
529150
529252
529352
529452
529551
529650
529750
529846
529943
530038
530133
530228
530323
530417
530511
530606
530700
530794
530888
530981
531073
531165
531257
531348
531439
531530
531621
531712
531802
531892
531982
532072
532162
532251
532341
532431
532520
532609
532699
532787
532878
532967
533056
533145
533234
533323
533411
533500
533589
533677
533766
533855
533944
534032
534122
534222
534315
534408
534506
534612
534713
534812
534918
535024
535133
535232
535328
535433
535533
535633
535751
535852
535949
536046
536143
536240
536335
536430
536527
536626
536726
536822
536919
537015
537111
537206
537301
537396
537489
537582
537675
537769
537861
537953
538045
538137
538227
538318
538408
538498
538588
538677
538767
538856
538945
539034
539123
539212
539301
539390
539478
539566
539655
539743
539832
539920
540008
540096
540185
540273
540362
540451
540544
540646
540742
540835
540928
541024
541123
541231
541340
541450
541549
541646
541742
541837
541932
542026
542119
542213
542306
542399
542492
542585
542676
542768
542859
542951
543041
543132
543222
543312
543402
543491
543585
543674
543764
543854
543944
544033
544123
544212
544301
544391
544479
544568
544657
544746
544835
544925
545017
545114
545210
545304
545399
545494
545589
545683
545776
545869
545961
546053
546144
546235
546326
546417
546507
546597
546688
546778
546869
546959
547052
547145
547238
547331
547424
547516
547608
547700
547792
547883
547975
548067
548159
548250
548341
548432
548523
548614
548705
548796
548886
548977
549068
549160
549251
549342
549433
549525
549616
549707
549797
549888
549978
550068
550158
550248
550339
550429
550520
550611
550705
550798
550892
550986
551080
551174
551267
551360
551452
551544
551635
551726
551816
551906
551997
552087
552178
552268
552357
552448
552538
552629
552718
552808
552897
552987
553076
553165
553255
553345
553434
553524
553613
553704
553793
553883
553972
554062
554151
554241
554331
554421
554511
554602
554693
554784
554875
554966
555058
555150
555242
555334
555428
555520
555612
555704
555796
555888
555980
556072
556164
556255
556345
556436
556526
556617
556707
556797
556887
556977
557067
557156
557246
557335
557424
557515
557604
557694
557784
557873
557963
558053
558143
558232
558323
558414
558504
558595
558685
558775
558866
558957
559047
559137
559228
559319
559409
559500
559590
559681
559771
559861
559951
560041
560131
560221
560310
560400
560490
560580
560670
560760
560849
560938
561028
561117
561206
561296
561386
561475
561565
561654
561744
561833
561923
562013
562103
562194
562288
562380
562473
562569
562663
562756
562852
562946
563039
563133
563226
563319
563412
563503
563595
563687
563778
563869
563960
564051
564142
564232
564323
564413
564504
564594
564686
564778
564871
564964
565060
565164
565258
565353
565448
565542
565636
565729
565821
565914
566005
566097
566189
566281
566375
566469
566562
566656
566750
566845
566939
567033
567126
567218
567310
567402
567494
567585
567676
567768
567858
567949
568039
568130
568221
568312
568403
568494
568591
568689
568784
568881
568978
569078
569179
569281
569384
569484
569581
569678
569775
569871
569966
570061
570156
570251
570345
570438
570533
570627
570724
570818
570912
571005
571097
571189
571280
571373
571463
571555
571647
571739
571830
571920
572012
572101
572192
572283
572374
572465
572555
572647
572741
572838
572941
573048
573145
573241
573338
573434
573530
573628
573722
573816
573909
574003
574096
574189
574281
574374
574466
574558
574651
574743
574835
574926
575017
575108
575200
575291
575382
575473
575568
575663
575757
575849
575941
576034
576128
576222
576317
576415
576510
576610
576724
576834
576937
577060
577166
577267
577369
577476
577575
577674
577775
577874
577974
578073
578172
578271
578370
578468
578566
578663
578760
578855
578950
579043
579137
579229
579322
579414
579505
579596
579686
579777
579868
579958
580048
580138
580228
580318
580407
580498
580588
580682
580778
580895
581011
581125
581243
581361
581482
581614
581750
581856
581951
582050
582152
582253
582355
582465
582574
582685
582806
582927
583051
583177
583306
583430
583537
583642
583745
583848
583951
584053
584156
584257
584358
584458
584558
584656
584754
584851
584948
585044
585140
585237
585333
585430
585531
585636
585736
585837
585941
586051
586162
586271
586376
586484
586601
586719
586837
586949
587055
587160
587262
587362
587462
587562
587661
587761
587859
587957
588055
588152
588249
588344
588440
588535
588629
588723
588817
588912
589019
589135
589240
589349
589462
589574
589679
589778
589875
589974
590070
590165
590259
590354
590448
590545
590644
590745
590860
590968
591070
591170
591268
591364
591459
591553
591648
591743
591837
591933
592033
592140
592243
592343
592440
592536
592632
592727
592822
592916
593011
593105
593200
593295
593392
593488
593590
593693
593791
593889
593985
594081
594181
594289
594402
594507
594619
594724
594839
594953
595063
595183
595307
595435
595550
595654
595757
595863
595977
596096
596206
596319
596446
596566
596680
596793
596905
597014
597122
597229
597337
597443
597550
597656
597767
597886
598007
598132
598260
598392
598523
598645
598766
598895
599016
599146
599274
599400
599533
599666
599788
599901
600011
600120
600229
600340
600457
600595
600734
600877
601006
601144
601283
601423
601544
601667
601791
601911
602029
602144
602257
602366
602476
602586
602717
602839
602958
603075
603192
603306
603420
603536
603656
603775
603893
604008
604127
604247
604366
604488
604606
604727
604847
604963
605076
605204
605331
605454
605572
605696
605816
605933
606044
606162
606291
606420
606550
606683
606808
606928
607046
607160
607272
607381
607494
607625
607757
607892
608034
608185
608333
608482
608632
608782
608917
609051
609180
609318
609455
609592
609727
609860
609994
610131
610269
610396
610518
610637
610758
610873
611003
611130
611254
611381
611507
611629
611746
611859
611973
612083
612193
612303
612415
612527
612639
612746
612852
612957
613060
613163
613267
613370
613472
613573
613673
613772
613870
613968
614065
614163
614263
614363
614463
614579
614692
614797
614898
614996
615093
615188
615284
615380
615475
615570
615665
615759
615853
615947
616042
616135
616229
616324
616417
616511
616604
616697
616791
616890
616998
617103
617214
617335
617452
617558
617681
617806
617937
618072
618190
618303
618421
618541
618654
618764
618882
618997
619108
619217
619324
619445
619565
619693
619825
619950
620079
620201
620325
620458
620583
620709
620839
620962
621081
621196
621316
621445
621567
621692
621813
621932
622052
622170
622286
622403
622524
622644
622767
622889
623013
623144
623281
623408
623542
623673
623799
623930
624055
624186
624322
624449
624577
624701
624825
624952
625073
625197
625320
625442
625568
625690
625821
625952
626082
626221
626351
626481
626611
626742
626870
627000
627128
627253
627375
627496
627618
627740
627868
628002
628130
628268
628401
628542
628688
628822
628952
629084
629210
629337
629462
629587
629711
629833
629962
630095
630222
630352
630484
630612
630746
630875
631005
631140
631269
631403
631544
631677
631818
631953
632093
632238
632383
632531
632666
632814
632954
633100
633247
633399
633558
633703
633835
633968
634106
634240
634377
634515
634648
634789
634922
635063
635203
635335
635464
635591
635716
635837
635971
636106
636244
636388
636524
636650
636778
636898
637016
637131
637250
637367
637511
637656
637810
637989
638165
638332
638463
638610
638741
638866
638979
639094
639209
639325
639447
639599
639732
639862
639994
640124
640256
640389
640519
640656
640788
640927
641065
641208
641359
641502
641660
641823
641972
642103
642236
642363
642496
642632
642773
642910
643042
643184
643317
643451
643580
643712
643845
643982
644112
644236
644359
644477
644595
644713
644831
644946
645072
645189
645305
645419
645532
645643
645752
645862
645970
646076
646182
646288
646392
646496
646600
646703
646806
646909
647013
647120
647231
647338
647445
647555
647661
647773
647892
648006
648117
648230
648339
648453
648590
648724
648848
648981
649118
649243
649380
649506
649619
649732
649842
649960
650105
650231
650356
650485
650615
650754
650901
651045
651197
651357
651496
651651
651804
651940
652073
652200
652327
652458
652584
652715
652846
652972
653103
653235
653361
653488
653615
653745
653882
654026
654166
654313
654445
654590
654739
654871
655013
655148
655283
655424
655557
655693
655826
655966
656106
656239
656377
656508
656642
656776
656912
657055
657199
657341
657496
657646
657796
657955
658093
658246
658382
658517
658656
658793
658932
659079
659219
659375
659518
659669
659834
659981
660129
660275
660408
660542
660672
660808
660944
661079
661219
661355
661503
661647
661794
661931
662079
662242
662392
662548
662688
662831
662963
663110
663260
663407
663548
663689
663829
663969
664107
664241
664377
664518
664666
664816
664960
665109
665252
665406
665567
665709
665849
665980
666116
666248
666386
666522
666656
666790
666923
667071
667227
667388
667525
667667
667799
667933
668062
668192
668319
668452
668582
668719
668858
668998
669150
669293
669455
669613
669764
669923
670062
670214
670369
670512
670664
670798
670937
671071
671209
671353
671488
671631
671770
671909
672055
672190
672331
672467
672613
672766
672909
673071
673228
673370
673502
673635
673763
673894
674023
674161
674303
674446
674597
674759
674934
675118
675288
675456
675608
675774
675927
676085
676227
676371
676523
676661
676819
676961
677113
677258
677403
677562
677712
677855
677993
678131
678263
678400
678533
678673
678823
678966
679130
679279
679428
679585
679727
679871
680006
680146
680290
680427
680567
680700
680844
680986
681124
681258
681391
681531
681672
681821
681965
682124
682277
682449
682625
682776
682938
683087
683224
683369
683506
683641
683774
683912
684050
684184
684320
684460
684600
684746
684888
685043
685185
685334
685473
685619
685763
685925
686067
686224
686373
686533
686676
686832
686976
687130
687275
687421
687576
687712
687856
688007
688145
688302
688450
688594
688742
688880
689020
689152
689297
689435
689578
689718
689858
690001
690144
690285
690424
690568
690705
690853
690992
691147
691304
691444
691594
691736
691878
692016
692153
692301
692438
692589
692738
692886
693046
693193
693356
693498
693656
693807
693950
694094
694233
694380
694517
694670
694819
694983
695142
695299
695464
695602
695754
695889
696040
696182
696331
696473
696630
696773
696928
697080
697224
697365
697509
697650
697799
697939
698087
698227
698382
698529
698688
698832
698972
699104
699249
699391
699542
699683
699844
699983
700138
700280
700423
700563
700714
700861
701018
701157
701311
701447
701589
701738
701873
701996
702111
702226
702339
702450
702561
702668
702777
702884
702988
703094
703202
703309
703413
703517
703624
703738
703878
704005
704130
704251
704361
704465
704567
704666
704768
704870
704970
705071
705172
705279
705405
705518
705626
705735
705855
705971
706108
706240
706371
706500
706646
706790
706934
707071
707199
707330
707471
707605
707735
707860
707989
708113
708229
708358
708488
708614
708745
708881
709018
709154
709284
709407
709532
709655
709777
709904
710035
710162
710299
710431
710556
710682
710806
710926
711040
711154
711273
711412
711549
711688
711830
711968
712107
712234
712348
712460
712579
712701
712815
712931
713045
713159
713269
713377
713490
713600
713708
713823
713944
714062
714192
714320
714439
714556
714684
714806
714926
715055
715185
715313
715441
715563
715678
715787
715910
716049
716184
716310
716424
716529
716637
716742
716847
716954
717060
717163
717273
717414
717545
717665
717789
717922
718056
718201
718377
718543
718689
718847
718987
719129
719272
719413
719562
719716
719854
720003
720148
720281
720433
720590
720727
720867
721008
721139
721277
721414
721540
721677
721809
721947
722081
722212
722340
722467
722599
722724
722860
722997
723130
723275
723416
723565
723699
723832
723964
724093
724228
724358
724496
724642
724790
724924
725054
725174
725291
725406
725519
725631
725739
725848
725957
726064
726195
726336
726464
726602
726751
726886
727036
727187
727332
727482
727622
727761
727892
728033
728168
728309
728458
728589
728734
728880
729021
729169
729299
729438
729578
729707
729846
729975
730110
730251
730382
730517
730646
730782
730913
731050
731186
731319
731454
731591
731733
731864
732003
732142
732277
732411
732545
732684
732817
732959
733106
733239
733381
733523
733654
733793
733928
734063
734198
734327
734461
734590
734729
734864
734998
735138
735271
735410
735544
735683
735819
735950
736083
736215
736356
736490
736631
736776
736910
737057
737205
737342
737478
737611
737740
737884
738027
738183
738334
738503
738680
738850
739017
739167
739317
739465
739601
739739
739870
740007
740147
740278
740419
740562
740695
740834
740966
741101
741237
741371
741513
741647
741782
741913
742048
742185
742330
742470
742614
742749
742895
743034
743188
743331
743494
743655
743819
743976
744129
744285
744428
744572
744707
744847
744980
745127
745271
745416
745562
745706
745851
745990
746127
746263
746406
746540
746685
746821
746973
747116
747259
747400
747539
747677
747814
747955
748092
748226
748360
748490
748622
748750
748889
749026
749180
749324
749496
749653
749828
749981
750159
750308
750467
750602
750753
750887
751023
751154
751288
751425
751563
751706
751844
751996
752135
752288
752435
752586
752721
752874
753020
753165
753318
753455
753597
753732
753872
754014
754160
754316
754462
754616
754761
754904
755039
755169
755292
755413
755530
755645
755759
755872
755982
756090
756200
756307
756413
756517
756619
756720
756820
756919
757018
757117
757218
757330
757473
757601
757739
757887
758013
758145
758309
758452
758564
758669
758772
758871
758968
759066
759163
759258
759355
759451
759548
759645
759741
759837
759934
760029
760124
760221
760323
760426
760533
760640
760744
760851
760957
761069
761185
761289
761389
761487
761583
761679
761777
761880
761984
762097
762220
762334
762443
762545
762644
762741
762836
762931
763026
763120
763213
763307
763401
763495
763588
763681
763775
763868
763960
764053
764150
764254
764360
764464
764577
764685
764788
764891
764996
765106
765209
765323
765436
765556
765660
765763
765863
765962
766061
766162
766264
766379
766486
766623
766744
766871
767000
767130
767263
767389
767525
767658
767795
767939
768075
768214
768345
768478
768604
768736
768859
768981
769092
769205
769326
769443
769558
769669
769781
769893
770001
770111
770219
770327
770442
770563
770691
770822
770948
771086
771232
771380
771511
771649
771775
771890
772006
772118
772249
772372
772495
772635
772759
772883
773009
773134
773265
773389
773519
773646
773777
773909
774040
774175
774305
774439
774571
774707
774844
774981
775121
775254
775392
775523
775655
775783
775917
776044
776174
776301
776427
776559
776685
776816
776947
777077
777217
777348
777489
777630
777776
777911
778046
778179
778318
778452
778592
778724
778855
778984
779118
779250
779384
779513
779647
779778
779911
780047
780178
780307
780437
780566
780696
780828
780962
781094
781232
781366
781505
781642
781773
781903
782030
782164
782294
782430
782563
782707
782841
782979
783118
783253
783387
783518
783647
783773
783890
784009
784138
784262
784394
784519
784650
784776
784897
785013
785127
785239
785350
785460
785568
785674
785778
785881
785983
786084
786184
786283
786379
786476
786571
786667
786761
786855
786948
787042
787135
787227
787319
787410
787502
787594
787685
787776
787868
787961
788053
788144
788238
788341
788440
788536
788631
788724
788816
788908
789000
789091
789181
789273
789364
789455
789546
789638
789731
789823
789915
790027
790146
790266
790382
790495
790593
790690
790786
790879
790974
791071
791168
791271
791382
791497
791606
791736
791865
792004
792127
792277
792432
792584
792736
792878
793038
793172
793311
793460
793603
793757
793897
794042
794175
794324
794458
794594
794723
794847
794957
795081
795204
795322
795440
795555
795663
795770
795877
795981
796085
796188
796289
796391
796496
796599
796700
796801
796906
797008
797109
797210
797310
797409
797509
797643
797766
797885
797995
798102
798211
798316
798421
798539
798655
798762
798870
798983
799090
799208
799341
799465
799595
799730
799858
799998
800144
800274
800407
800543
800668
800802
800941
801072
801209
801337
801463
801592
801715
801845
801976
802101
802230
802358
802483
802611
802742
802867
802998
803127
803252
803384
803520
803650
803787
803921
804050
804182
804310
804445
804583
804715
804857
804990
805123
805258
805386
805521
805663
805797
805933
806075
806207
806346
806482
806619
806756
806888
807027
807170
807302
807438
807573
807708
807847
807989
808121
808262
808404
808542
808685
808819
808963
809098
809234
809370
809506
809651
809789
809934
810072
810220
810369
810512
810658
810798
810938
811079
811212
811350
811484
811615
811745
811875
812007
812138
812283
812428
812575
812732
812896
813039
813195
813349
813496
813638
813786
813927
814065
814185
814296
814419
814532
814660
814818
814965
815097
815233
815373
815513
815644
815761
815869
815976
816082
816186
816288
816389
816490
816589
816709
816835
816970
817102
817227
817345
817465
817575
817682
817801
817907
818009
818111
818212
818310
818407
818503
818598
818692
818786
818879
818972
819064
819156
819248
819340
819431
819523
819616
819708
819800
819893
819987
820085
820186
820284
820383
820488
820587
820684
820780
820875
820967
821059
821150
821240
821330
821421
821510
821600
821689
821778
821867
821955
822044
822133
822221
822309
822397
822486
822574
822662
822751
822840
822929
823020
823111
823201
823293
823394
823493
823589
823684
823782
823884
823984
824087
824188
824288
824385
824480
824575
824668
824762
824855
824948
825042
825142
825245
825350
825470
825591
825693
825794
825898
826001
826116
826266
826389
826522
826665
826799
826942
827091
827240
827359
827462
827563
827663
827762
827862
827960
828059
828157
828254
828351
828448
828545
828640
828736
828830
828925
829033
829164
829267
829368
829469
829574
829674
829771
829868
829964
830058
830152
830247
830348
830447
830543
830638
830732
830825
830918
831010
831102
831194
831286
831377
831468
831560
831654
831759
831868
831974
832085
832209
832326
832445
832568
832689
832803
832912
