---
Mammal:            rabbit
Fs:                1000
Integration_level: electrocardiogram

Channels:

    - type:   peak
      name:   Data
      unit:   index
      enable: yes

---

148
376
604
833
1057
1283
1508
1730
1955
2179
2407
2632
2859
3092
3322
3550
3781
4009
4240
4466
4689
4917
5142
5369
5599
5824
6046
6266
6487
6706
6926
7146
7365
7582
7808
8033
8266
8496
8722
8951
9180
9407
9629
9848
10069
10290
10506
10728
10947
11166
11382
11596
11812
12032
12252
12471
12692
12916
13141
13366
13594
13821
14048
14274
14496
14720
14943
15166
15386
15605
15823
16041
16257
16482
16704
16929
17155
17380
17608
17835
18064
18296
18526
18762
18990
19219
19450
19682
19911
20143
20369
20595
20822
21046
21270
21491
21710
21929
22147
22369
22589
22809
23032
23250
23470
23691
23912
24134
24357
24576
24797
25020
25244
25470
25697
25924
26147
26372
26600
26827
27054
27280
27505
27725
27948
28172
28393
28616
28840
29061
29285
29508
29730
29953
30174
30397
30621
30846
31071
31300
31526
31756
31988
32224
32459
32690
32915
33146
33373
33602
33829
34053
34277
34499
34724
34949
35173
35396
35617
35837
36060
36282
36504
36727
36948
37167
37386
37608
37829
38052
38277
38500
38721
38946
39171
39395
39619
39838
40058
40277
40499
40723
40948
41170
41393
41614
41837
42057
42279
42497
42714
42933
43150
43374
43595
43818
44041
44262
44480
44700
44921
45142
45364
45583
45802
46019
46239
46457
46675
46893
47112
47329
47551
47772
47996
48218
48439
48659
48879
49099
49321
49544
49768
49991
50211
50433
50656
50879
51102
51326
51547
51767
51988
52210
52432
52653
52873
53089
53306
53524
53744
53965
54188
54407
54627
54844
55064
55282
55503
55720
55941
56160
56380
56599
56820
57042
57267
57491
57718
57946
58174
58406
58634
58862
59092
59318
59545
59774
60000
60228
60459
60686
60914
61141
61362
61585
61813
62038
62263
62487
62710
62934
63157
63386
63614
63842
64069
64294
64518
64745
64969
65193
65414
65631
65848
66064
66283
66502
66719
66937
67153
67371
67592
67813
68036
68259
68485
68709
68934
69159
69385
69613
69843
70073
70302
70530
70756
70985
71210
71438
71665
71895
72122
72349
72576
72801
73024
73250
73475
73703
73931
74155
74383
74609
74835
75060
75285
75506
75729
75953
76179
76403
76625
76847
77066
77285
77507
77729
77949
78167
78383
78600
78817
79037
79256
79476
79696
79916
80136
80361
80584
80808
81032
81254
81479
81703
81930
82158
82386
82612
82836
83064
83289
83519
83746
83972
84195
84414
84633
84853
85077
85300
85521
85741
85962
86180
86400
86622
86843
87064
87287
87510
87734
87964
88190
88418
88645
88874
89096
89318
89537
89760
89988
90217
90448
90679
90911
91141
91371
91601
91829
92056
92283
92507
92732
92957
93181
93406
93627
93849
94070
94289
94513
94735
94955
95174
95392
95610
95832
96053
96277
96501
96728
96952
97176
97398
97621
97844
98066
98287
98505
98724
98945
99172
99395
99617
99838
100056
100273
100490
100712
100934
101158
101380
101603
101823
102045
102268
102492
102714
102937
103155
103371
103585
103803
104023
104244
104465
104684
104902
105122
105344
105566
105788
106008
106227
106445
106662
106882
107101
107320
107538
107755
107972
108189
108414
108640
108863
109087
109307
109527
109748
109972
110196
110418
110642
110862
111083
111305
111526
111747
111966
112185
112403
112623
112843
113064
113285
113507
113727
113944
114163
114382
114603
114827
115053
115282
115509
115736
115962
116192
116419
116646
116873
117099
117322
117544
117767
117992
118219
118447
118671
118893
119120
119343
119570
119798
120025
120253
120476
120699
120926
121149
121375
121598
121820
122043
122267
122493
122719
122945
123170
123395
123621
123849
124076
124305
124534
124762
124990
125216
125445
125672
125901
126127
126352
126576
126800
127021
127243
127463
127684
127904
128125
128348
128570
128791
129013
129235
129456
129681
129911
130138
130364
130589
130813
131035
131258
131483
131711
131938
132160
132385
132606
132833
133061
133287
133510
133734
133953
134171
134390
134612
134834
135057
135282
135506
135730
135954
136181
136405
136630
136853
137074
137295
137515
137740
137964
138190
138415
138638
138859
139084
139308
139534
139759
139985
140209
140429
140653
140882
141113
141341
141569
141792
142016
142242
142466
142694
142919
143143
143368
143591
143816
144042
144269
144495
144720
144944
145168
145397
145627
145853
146083
146310
146535
146759
146984
147213
147438
147665
147890
148113
148337
148562
148789
149013
149235
149456
149674
149894
150115
150335
150555
150771
150984
151196
151408
151622
151839
152059
152279
152500
152721
152939
153161
153384
153606
153828
154050
154272
154494
154717
154939
155162
155385
155607
155827
156051
156276
156499
156722
156943
157164
157383
157605
157826
158049
158271
158491
158714
158941
159169
159397
159622
159848
160070
160293
160521
160747
160973
161196
161422
161644
161866
162092
162320
162546
162772
162997
163218
163438
163659
163884
164110
164337
164565
164788
165010
165231
165453
165677
165901
166124
166346
166564
166782
167001
167221
167444
167665
167889
168107
168324
168542
168764
168984
169204
169425
169648
169872
170099
170324
170549
170773
170994
171216
171436
171659
171880
172104
172331
172555
172779
173003
173228
173455
173681
173907
174135
174357
174578
174802
175027
175251
175473
175693
175913
176130
176349
176569
176793
177017
177240
177460
177677
177896
178116
178338
178559
178782
179003
179222
179439
179659
179881
180101
180322
180539
180755
180970
181190
181411
181631
181851
182070
182290
182513
182736
182959
183182
183403
183622
183840
184060
184281
184506
184727
184948
185164
185382
185596
185816
186036
186257
186478
186701
186927
187154
187385
187616
187847
188076
188306
188534
188764
188991
189219
189447
189675
189899
190125
190349
190573
190800
191023
191245
191466
191693
191921
192150
192377
192605
192832
193060
193287
193513
193739
193964
194187
194410
194638
194865
195093
195321
195548
195770
195990
196211
196436
196659
196884
197109
197330
197552
197774
197998
198220
198442
198661
198879
199098
199318
199542
199764
199988
200208
200428
200646
200866
201085
201305
201522
201743
201963
202186
202414
202640
202867
203090
203315
203537
203759
203982
204208
204435
204660
204884
205105
205325
205546
205772
205996
206222
206448
206674
206898
207121
207346
207572
207802
208030
208257
208481
208704
208929
209161
209392
209628
209860
210093
210319
210542
210765
210992
211215
211437
211658
211877
212097
212317
212544
212774
213002
213227
213457
213684
213912
214138
214365
214593
214820
215046
215273
215501
215727
215956
216185
216414
216644
216869
217096
217324
217555
217783
218011
218241
218471
218701
218931
219166
219399
219630
219860
220089
220318
220549
220783
221016
221249
221478
221708
221933
222160
222386
222611
222836
223060
223280
223500
223719
223940
224162
224384
224604
224821
225035
225249
225462
225678
225895
226112
226328
226543
226760
226977
227198
227419
227641
227864
228086
228307
228530
228757
228984
229209
229432
229655
229875
230098
230322
230546
230769
230994
231216
231437
231659
231881
232104
232327
232553
232776
232997
233221
233443
233663
233882
234098
234314
234531
234749
234970
235192
235412
235631
235853
236073
236297
236519
236742
236963
237184
237405
237626
237848
238068
238290
238509
238726
238940
239152
239363
239579
239795
240010
240228
240443
240657
240870
241086
241303
241519
241734
241953
242169
242384
242605
242824
243045
243265
243485
243704
243919
244140
244359
244579
244800
245018
245235
245456
245678
245898
246118
246337
246554
246769
246984
247202
247419
247634
247847
248060
248273
248487
248702
248918
249140
249362
249596
249828
250065
250298
250533
250762
250991
251223
251453
251685
251913
252141
252368
252592
252816
253040
253262
253485
253706
253926
254143
254360
254580
254799
255020
255237
255454
255668
255880
256091
256304
256518
256730
256946
257158
257371
257588
257806
258029
258256
258482
258707
258930
259153
259375
259602
259827
260054
260280
260504
260725
260948
261172
261398
261622
261846
262069
262290
262513
262739
262966
263194
263423
263650
263874
264098
264328
264554
264781
265009
265232
265451
265671
265894
266117
266340
266567
266794
267020
267245
267472
267696
267919
268141
268361
268578
268793
269012
269230
269452
269673
269896
270119
270340
270568
270795
271025
271253
271480
271707
271931
272158
272384
272609
272833
273059
273279
273499
273723
273950
274173
274396
274617
274834
275049
275263
275478
275693
275908
276123
276338
276554
276772
276995
277217
277444
277668
277892
278111
278332
278551
278768
278986
279204
279421
279635
279853
280075
280297
280517
280738
280960
281182
281405
281629
281857
282083
282310
282534
282760
282985
283212
283441
283672
283898
284128
284352
284575
284798
285023
285248
285474
285702
285925
286148
286372
286599
286828
287060
287291
287522
287749
287981
288215
288446
288676
288908
289133
289360
289587
289818
290049
290281
290516
290745
290973
291205
291435
291669
291905
292136
292370
292608
292841
293077
293309
293544
293780
294011
294243
294476
294712
294943
295177
295405
295629
295856
296082
296306
296531
296751
296970
297190
297411
297637
297860
298081
298299
298516
298736
298955
299174
299391
299605
299818
300032
300248
300465
300686
300905
301126
301344
301566
301791
302012
302239
302464
302686
302913
303143
303373
303603
303831
304056
304287
304517
304745
304973
305203
305430
305659
305886
306114
306339
306562
306788
307016
307247
307476
307710
307941
308174
308409
308644
308877
309112
309341
309566
309791
310016
310245
310473
310702
310931
311156
311381
311608
311838
312072
312299
312531
312758
312981
313203
313428
313650
313877
314099
314317
314535
314753
314974
315195
315415
315633
315853
316073
316297
316521
316746
316969
317193
317416
317639
317863
318086
318312
318537
318761
318984
319209
319435
319661
319887
320110
320331
320552
320775
320996
321221
321442
321663
321879
322096
322316
322537
322758
322980
323203
323424
323650
323879
324106
324333
324561
324788
325014
325240
325469
325695
325924
326149
326374
326597
326822
327045
327272
327496
327725
327954
328177
328400
328627
328852
329081
329304
329523
329742
329967
330188
330408
330628
330845
331060
331274
331491
331710
331926
332149
332369
332589
332812
333041
333267
333497
333730
333962
334191
334424
334658
334892
335125
335357
335585
335815
336049
336281
336515
336748
336982
337213
337443
337674
337903
338133
338358
338582
338807
339033
339260
339485
339710
339933
340154
340374
340599
340821
341045
341268
341489
341713
341934
342160
342390
342620
342850
343079
343309
343542
343774
344009
344238
344469
344696
344924
345153
345385
345617
345848
346077
346305
346532
346762
346993
347221
347448
347673
347896
348118
348343
348569
348791
349013
349235
349459
349679
349903
350128
350352
350584
350810
351038
351264
351492
351720
351947
352179
352407
352637
352870
353102
353337
353571
353805
354032
354263
354496
354726
354955
355184
355409
355630
355851
356078
356305
356532
356759
356981
357204
357425
357647
357868
358090
358309
358525
358741
358958
359177
359395
359617
359837
360054
360272
360488
360707
360927
361146
361367
361587
361807
362031
362254
362477
362700
362923
363144
363365
363588
363810
364034
364255
364478
364701
364928
365157
365384
365612
365838
366061
366283
366505
366729
366951
367172
367397
367621
367852
368079
368311
368539
368768
368992
369213
369436
369660
369882
370107
370330
370552
370777
371003
371227
371452
371673
371892
372109
372326
372545
372765
372985
373205
373422
373637
373855
374071
374291
374509
374726
374943
375155
375365
375575
375786
375999
376212
376426
376637
376848
377059
377272
377484
377698
377912
378123
378334
378546
378761
378977
379195
379413
379630
379845
380063
380278
380495
380709
380924
381137
381350
381564
381780
381998
382214
382442
382661
382886
383112
383340
383565
383791
384014
384235
384457
384678
384902
385125
385348
385570
385790
386010
386230
386456
386680
386903
387127
387350
387572
387793
388017
388243
388469
388696
388918
389138
389355
389573
389793
390013
390233
390451
390668
390881
391094
391308
391525
391743
391962
392182
392403
392623
392840
393061
393280
393498
393716
393932
394147
394365
394585
394808
395029
395251
395470
395689
395905
396124
396342
396562
396782
396999
397217
397433
397654
397876
398097
398318
398534
398751
398967
399184
399401
399620
399837
400050
400264
400478
400694
400911
401130
401346
401563
401777
401991
402205
402420
402637
402853
403069
403284
403498
403712
403930
404147
404367
404585
404802
405016
405232
405447
405665
405882
406099
406313
406527
406740
406952
407169
407385
407602
407820
408035
408247
408457
408668
408881
409096
409311
409529
409748
409964
410178
410394
410609
410825
411043
411260
411480
411700
411928
412153
412380
412603
412824
413043
413262
413481
413700
413918
414137
414355
414572
414788
415006
415229
415452
415678
415902
416126
416349
416577
416801
417027
417253
417475
417696
417917
418142
418366
418591
418817
419039
419259
419478
419703
419925
420151
420383
420610
420836
421059
421286
421514
421738
421960
422181
422399
422615
422833
423056
423280
423508
423737
423968
424192
424416
424642
424866
425090
425315
425537
425761
425985
426210
426438
426663
426889
427114
427339
427564
427793
428021
428249
428477
428705
428936
429168
429402
429634
429869
430099
430329
430558
430785
431014
431241
431466
431694
431924
432186
432660
433020
433287
433529
433763
433992
434217
434439
434660
434879
435095
435315
435532
435752
435970
436190
436408
436628
436848
437068
437287
437507
437728
437949
438170
438391
438612
438833
439057
439277
439505
439730
439954
440175
440398
440617
440837
441057
441279
441502
441726
441948
442170
442390
442609
442830
443052
443272
443494
443716
443937
444156
444375
444595
444818
445041
445264
445487
445704
445925
446145
446365
446586
446804
447022
447236
447451
447666
447882
448099
448318
448535
448750
448964
449179
449396
449613
449834
450054
450273
450491
450709
450927
451146
451367
451586
451807
452025
452241
452458
452679
452900
453119
453337
453554
453769
453984
454199
454417
454634
454852
455070
455283
455497
455709
455927
456144
456362
456582
456800
457017
457235
457455
457675
457894
458114
458334
458554
458776
459002
459226
459451
459675
459899
460123
460345
460572
460798
461021
461246
461471
461695
461924
462154
462383
462612
462839
463067
463292
463523
463750
463979
464211
464438
464665
464891
465118
465347
465574
