---
Mammal:            dog
Fs:                500
Integration_level: electrocardiogram

Channels:

    - type:   peak
      name:   Data
      unit:   index
      enable: yes

---

102
362
646
889
1159
1381
1598
1814
2039
2310
2554
2792
3015
3240
3476
3757
3994
4227
4455
4706
4996
5266
5523
5752
5972
6200
6451
6716
6949
7168
7379
7598
7832
8112
8338
8566
8783
8998
9259
9494
9714
9916
10109
10303
10506
10739
10987
11216
11434
11651
11876
12193
12444
12704
12944
13168
13402
13656
13919
14150
14365
14569
14769
14975
15197
15437
15676
15912
16146
16378
16649
16935
17232
17507
17752
17987
18234
18523
18808
19097
19350
19586
19828
20085
20393
20648
20902
21143
21402
21678
21971
22219
22431
22709
22942
23249
23524
23805
24052
24292
24533
24786
25144
25423
25677
25920
26158
26404
26668
26934
27188
27434
27664
27903
28159
28425
28685
28929
29161
29395
29669
29923
30212
30456
30695
30933
31199
31496
31766
32013
32248
32480
33031
33311
33569
33811
34029
34269
34541
34826
35130
35378
35618
35841
36075
36342
36623
36908
37145
37388
37607
37891
38155
38458
38701
38936
39163
39390
39645
39909
40168
40395
40614
40823
41052
41319
41627
41876
42124
42350
42580
42827
43083
43311
43538
43765
44021
44274
44571
44822
45055
45272
45479
45697
45957
46246
46520
46763
46990
47225
47507
47757
48124
48374
48612
48836
49073
49347
49686
49981
50239
50479
50717
50967
51250
51593
51860
52094
52329
52557
52830
53122
53401
53648
53879
54122
54377
54666
54918
55148
55370
55584
55829
56137
56398
56651
56884
57116
57356
57620
57889
58132
58358
58570
58772
58980
59212
59471
59699
59920
60135
60355
60627
60871
61120
61348
61577
61822
62064
62285
62492
62693
62905
63144
63372
63580
63779
63975
64181
64393
64597
64794
64989
65181
65369
65558
65762
65990
66208
66417
66622
66830
67049
67256
67453
67650
67852
68069
68308
68524
68742
68958
69206
69454
69678
69886
70090
70302
70531
70746
70983
71233
71468
71683
71895
72126
72360
72585
72798
73022
73253
73468
73691
73925
74158
74371
74587
74789
75021
75224
75415
75608
75793
76006
76249
76453
76663
76864
77071
77302
77536
77752
77966
78189
78421
78637
78842
79042
79240
79436
79649
79851
80050
80242
80439
80672
80899
81116
81332
81541
81772
82024
82260
82493
82731
82981
83202
83414
83618
83827
84065
84316
84550
84779
85003
85253
85495
85732
85960
86192
86428
86651
86874
87099
87316
87536
87756
87995
88254
88503
88736
88956
89165
89372
89571
89764
89951
90134
90316
90499
90681
90866
91054
91246
91448
91651
91869
92084
92305
92526
92743
92948
93168
93431
93647
93867
94082
94296
94522
94779
95005
95231
95450
95673
95895
96138
96370
96601
96836
97084
97322
97564
97813
98061
98310
98582
98844
99117
99396
99665
99945
100224
100491
100763
101026
101290
101562
101829
102097
102353
102611
102859
103105
103344
103594
103856
104103
104359
104598
104835
105073
105311
105547
105800
106054
106310
106586
106844
107099
107358
107617
107878
108139
108392
108641
108888
109125
109361
109615
109883
110140
110401
110667
110912
111174
111417
111669
111919
112158
112421
112654
112883
113113
113354
113594
113853
114107
114370
114640
114908
115181
115437
115702
115961
116223
116490
116756
117019
117281
117545
117811
118078
118347
118604
118858
119111
119340
119589
119825
120064
120323
120597
120858
121118
121376
121634
121885
122133
122386
122645
122894
123153
123404
123660
123916
124165
124416
124680
124941
125195
125447
125703
125949
126190
126430
126707
126953
127197
127442
127672
127898
128131
128361
128586
128814
129043
129273
129503
129748
130009
130285
130539
130808
131080
131373
131640
131941
132195
132461
132761
133008
133273
133531
133773
134023
134280
134526
138068
138291
138509
138726
138944
139161
139382
139609
139843
140093
140351
140622
140874
146467
146726
146976
147314
147568
147830
148074
148312
148741
149023
149267
149535
149962
150250
150492
150732
150969
151233
151528
151777
152091
152370
152627
152943
153220
153469
153717
153987
154261
154502
154755
154995
155243
155489
155729
155982
156228
156487
156751
157011
157271
157516
157760
158017
158264
158531
158780
159044
159308
159573
159840
160104
160367
160614
160856
161096
161333
161569
161824
162073
162353
162616
162881
163147
163402
163651
163892
164141
164387
164644
164921
165175
165432
165696
165954
166198
166439
166665
166884
167097
167307
167515
167727
168059
168340
168715
169060
169373
169706
169992
170261
170580
170851
171120
171450
171710
171974
172263
172528
172839
173111
173431
173714
173994
174402
174679
174939
175202
175454
175706
175961
176213
176466
176724
176976
177232
177482
177763
178002
178229
178461
178722
179025
179274
179543
179865
180159
180433
180732
181023
181294
181557
181822
182134
182389
182632
182881
183138
183488
183745
184014
184346
184610
184859
185133
185416
185666
185912
186146
186376
186600
186822
187044
187257
187462
187650
187846
188051
188264
188478
188691
188904
189101
189306
189587
189835
190064
190287
190509
190739
191012
191286
191516
191746
191968
192230
192625
192916
193180
193411
193658
193897
194204
194477
194810
195134
195399
195647
195894
196218
196483
196739
