---
Mammal:            rabbit
Fs:                1000
Integration_level: electrocardiogram

Channels:

    - type:   peak
      name:   Data
      unit:   index
      enable: yes

---

144
391
639
891
1142
1395
1647
1897
2145
2393
2641
2890
3138
3387
3633
3879
4125
4370
4615
4862
5109
5357
5607
5854
6101
6346
6590
6835
7080
7326
7572
7816
8059
8302
8543
8787
9027
9268
9508
9750
9991
10235
10480
10726
10970
11219
11468
11718
11965
12213
12460
12706
12951
13202
13453
13707
13965
14227
14486
14745
15006
15266
15526
15782
16036
16291
16547
16802
17058
17315
17575
17836
18095
18350
18602
18854
19107
19364
19624
19881
20140
20400
20658
20915
21169
21420
21669
21920
22174
22430
22688
22949
23209
23469
23730
23992
24252
24511
24763
25019
25276
25538
25800
26060
26320
26583
26842
27100
27354
27605
27853
28095
28335
28576
28822
29077
29336
29596
29856
30121
30384
30651
30921
31196
31469
31743
32015
32293
32570
32849
33125
33405
33682
33962
34242
34523
34804
35083
35364
35648
35932
36213
36494
36779
37063
37348
37632
37911
38193
38479
38765
39051
39332
39613
39901
40187
40472
40757
41038
41323
41608
41892
42175
42456
42738
43023
43308
43593
43878
44163
44454
44741
45029
45315
45599
45888
46174
46459
46740
47020
47298
47574
47850
48128
48404
48685
48974
49258
49543
49827
50113
50401
50689
50977
51264
51552
51841
52127
52414
52696
52980
53266
53551
53835
54117
54401
54686
54972
55258
55541
55824
56112
56400
56687
56973
57257
57544
57833
58121
58409
58694
58981
59272
59560
59847
60131
60415
60699
60985
61272
61557
61841
62127
62415
62703
62989
63273
63558
63847
64135
64421
64705
64989
65276
65562
65847
66129
66407
66687
66965
67248
67526
67804
68083
68368
68653
68944
69230
69512
69795
70080
70369
70655
70936
71219
71505
71794
72079
72365
72648
72931
73215
73497
73782
74059
74335
74612
74888
75167
75443
75716
75991
76267
76549
76831
77107
77387
77669
77953
78240
78525
78808
79092
79373
79651
79928
80202
80482
80769
81057
81344
81629
81915
82204
82488
82772
83048
83322
83600
83879
84159
84439
84717
84996
85279
85564
85847
86131
86411
86696
86981
87263
87545
87821
88102
88381
88658
88933
89205
89477
89754
90036
90313
90586
90858
91131
91403
91677
91948
92220
92491
92765
93038
93312
93586
93856
94126
94399
94672
94943
95217
95486
95759
96032
96305
96580
96851
97126
97400
97681
97964
98251
98528
98807
99085
99368
99648
99921
100196
100471
100746
101024
101305
101587
101869
102155
102439
102723
103002
103277
103555
103829
104107
104383
104656
104933
105209
105488
105766
106046
106324
106597
106868
107139
107407
107670
107935
108200
108468
108739
109009
109275
109539
109800
110055
110305
110551
110797
111041
111291
111549
111811
112077
112342
112614
112888
113166
113445
113720
113997
114277
114559
114841
115122
115401
115689
115976
116263
116552
116838
117127
117419
117710
118000
118286
118572
118863
119151
119439
119724
120008
120288
120565
120846
121122
121395
121668
121940
122212
122485
122758
123033
123307
123581
123855
124128
124403
124677
124953
125229
125509
125791
126077
126359
126640
126924
127209
127494
127780
128062
128347
128632
128917
129203
129486
129769
130052
130333
130612
130897
131177
131460
131748
132033
132319
132607
132891
133176
133464
133751
134039
134324
134611
134900
135189
135476
135763
136048
136331
136610
136889
137176
137452
137727
138004
138282
138562
138845
139124
139406
139690
139972
140250
140528
140801
141076
141352
141631
141908
142187
142465
142743
143018
143293
143566
143837
144107
144378
144651
144924
145194
145462
145730
145997
146265
146530
146798
147064
147331
147593
147856
148120
148383
148649
148918
149190
149465
149744
150020
150300
150579
150858
151137
151415
151691
151965
152236
152512
152786
153055
153327
153600
153877
154151
154427
154703
154979
155261
155543
155825
156107
156389
156674
156963
157250
157536
157821
158106
158394
158680
158965
159250
159530
159812
160096
160381
160663
160946
161224
161499
161778
162065
162353
162638
162920
163207
163495
163782
164069
164353
164636
164924
165210
165492
165772
166045
166320
166597
166874
167151
167427
167699
167971
168245
168515
168784
169055
169328
169604
169882
170161
170440
170715
170992
171269
171542
171820
172094
172365
172640
172909
173184
173459
173737
174013
174290
174568
174847
175125
175397
175670
175942
176214
176487
176764
177047
177324
177607
177885
178170
178455
178732
179010
179292
179573
179851
180127
180398
180668
180938
181207
181481
181754
182024
182299
182576
182854
183134
183411
183688
183966
184244
184522
184800
185075
185345
185616
185889
186160
186433
186703
186978
187257
187536
187815
188091
188362
188632
188904
189176
189458
189738
190014
190289
190569
190849
191128
191407
191682
191955
192230
192507
192785
193063
193338
193617
193894
194173
194448
194724
194994
195263
195532
195802
196073
196345
196612
196881
197147
197410
197669
197922
198172
198424
198684
198952
199222
199487
199756
200018
200274
200527
200779
201029
201278
201525
201769
202011
202249
202486
202723
202959
203193
203429
203662
203896
204131
204366
204604
204845
205086
205331
205576
205825
206071
206320
206571
206823
207079
207338
207603
207869
208138
208404
208674
208945
209216
209488
209757
210025
210294
210563
210831
211099
211366
211632
211897
212166
212431
212695
212961
213228
213494
213760
214026
214290
214554
214818
215079
215342
215602
215864
216127
216391
216654
216919
217182
217445
217709
217972
218236
218497
218759
219018
219284
219548
219814
220083
220353
220624
220895
221165
221437
221710
221983
222257
222529
222802
223069
223338
223609
223879
224149
224417
224684
224948
225212
225478
225742
226011
226282
226553
226823
227096
227368
227640
227914
228188
228461
228734
229008
229281
229553
229825
230095
230361
230627
230895
231163
231430
231696
231963
232229
232499
232771
233041
233312
233582
233850
234120
234393
234667
234941
235211
235481
235749
236019
236289
236557
236824
237092
237365
237643
237917
238192
238466
238742
239020
239296
239571
239846
240119
240391
240661
240928
241191
241455
241719
241984
242248
242513
242780
243043
243305
243567
243830
244096
244364
244631
244899
245165
245429
245694
245956
246216
246476
246736
246996
247256
247513
247771
248028
248284
248541
248798
249053
249312
249570
249829
250088
250347
250607
250869
251131
251392
251656
251919
252180
252444
252707
252970
253234
253498
253760
254021
254283
254548
254812
255079
255345
255611
255878
256146
256415
256682
256951
257220
257487
257757
258025
258293
258560
258826
259089
259351
259612
259875
260137
260398
260660
260923
261190
261459
261728
261995
262262
262530
262798
263065
263329
263589
263846
264101
264354
264609
264862
265114
265367
265618
265870
266122
266378
266638
266901
267168
267431
267694
267962
268229
268497
268764
269031
269296
269563
269829
270094
270359
270623
270887
271151
271415
271680
271943
272206
272468
272729
272989
273252
273517
273781
274045
274309
274574
274840
275105
275369
275633
275894
276153
276412
276670
276931
277191
277452
277715
277978
278245
278510
278774
279039
279304
279571
279838
280106
280375
280643
280910
281175
281440
281702
281963
282224
282486
282750
283017
283286
283553
283820
284088
284355
284623
284891
285159
285425
285687
285949
286208
286468
286730
286992
287256
287520
287784
288048
288314
288580
288845
289110
289375
289641
289909
290177
290444
290710
290977
291242
291509
291774
292039
292303
292563
292821
293078
293336
293597
293858
294119
294380
294643
294908
295172
295435
295697
295959
296217
296474
296730
296985
297237
297492
297746
298004
298265
298527
298792
299055
299318
299581
299845
300109
300372
300634
300897
301159
301423
301686
301951
302214
302478
302740
303003
303267
303530
303791
304052
304312
304573
304836
305101
305363
305626
305888
306151
306414
306678
306941
307203
307461
307719
307977
308233
308489
308745
309003
309262
309522
309782
310046
310309
310571
310834
311096
311360
311627
311891
312155
312419
312683
312947
313207
313469
313734
313996
314261
314524
314789
315054
315318
315583
315850
316115
316383
316652
316921
317189
317458
317725
317991
318258
318523
318789
319055
319319
319583
319847
320114
320380
320646
320911
321174
321434
321693
321951
322212
322476
322740
323006
323272
323539
323805
324070
324333
324592
324850
325111
325374
325636
325897
326159
326420
326682
326943
327204
327465
327727
327987
328252
328516
328780
329044
329308
329573
329839
330105
330372
330639
330906
331173
331438
331705
331971
332238
332503
332768
333031
333295
333560
333823
334085
334344
334603
334862
335121
335382
335640
335899
336155
336411
336666
336921
337176
337430
337682
337934
338185
338436
338687
338937
339187
339437
339686
339934
340184
340432
340678
340922
341165
341407
341649
341892
342135
342378
342622
342867
343115
343364
343617
343872
344130
344387
344643
344899
345152
345403
345654
345904
346154
346404
346655
346906
347158
347411
347664
347919
348176
348433
348690
348947
349204
349461
349717
349973
350229
350483
350741
350998
351256
351516
351775
352036
352300
352563
352827
353090
353354
353617
353879
354142
354404
354665
354927
355187
355448
355708
355968
356227
356487
356747
357005
357263
357520
357779
358039
358297
358556
358816
359079
359344
359611
359880
360151
360423
360696
360970
361243
361514
361785
362054
362324
362593
362861
363127
363385
363641
363898
364155
364409
364661
364910
365161
365412
365662
365912
366163
366413
366662
366912
367161
367413
367665
367917
368172
368427
368686
368948
369211
369473
369736
370000
370263
370526
370790
371053
371307
371561
371812
372065
372318
372572
372825
373081
373338
373594
373850
374107
374369
374628
374889
375150
375411
375672
375932
376193
376454
376716
376979
377241
377504
377766
378031
378293
378556
378817
379076
379334
379593
379850
380105
380358
380612
380866
381120
381376
381633
381894
382155
382414
382675
382935
383198
383461
383723
383985
384248
384511
384775
385041
385307
385572
385836
386100
386364
386627
386890
387150
387406
387664
387920
388179
388441
388701
388961
389222
389484
389746
390010
390277
390541
390806
391071
391335
391599
391865
392131
392397
392662
392927
393191
393457
393724
393993
394262
394529
394799
395069
395339
395609
395878
396145
396410
396675
396939
397202
397458
397711
397965
398217
398469
398721
398971
399218
399464
399708
399951
400192
400432
400672
400911
401149
401386
401624
401864
402107
402351
402599
402851
403105
403363
403621
403880
404140
404401
404660
404918
405176
405429
405680
405931
406181
406433
406684
406938
407190
407442
407694
407950
408207
408464
408723
408982
409243
409504
409765
410026
410289
410550
410812
411073
411335
411596
411859
412120
412377
412628
412876
413123
413369
413615
413860
414105
414349
414593
414837
415082
415328
415577
415828
416082
416337
416594
416852
417110
417370
417627
417886
418145
418404
418664
418926
419186
419446
419707
419967
420227
420485
420743
421003
421261
421516
421771
422026
422284
422543
422803
423064
423322
423584
423845
424107
424371
424634
424899
425163
425428
425692
425956
426220
426484
426746
427009
427271
427533
427794
428057
428319
428580
428841
429102
429360
429614
429866
430117
430368
430619
430874
431132
431392
431652
431911
432170
432430
432691
432952
433214
433475
433737
434001
434264
434527
434790
435053
435318
435583
435850
436116
436383
436647
436912
437178
437442
437705
437963
438220
438475
438733
438990
439246
439502
439755
440010
440266
440524
440784
441050
441313
441576
441839
442102
442367
442631
442894
443151
443408
443664
443920
444175
444432
444692
444952
445211
445473
445734
445996
446260
446524
446785
447046
447308
447571
447837
448104
448370
448635
448900
449163
449427
449692
449955
450213
450472
450729
450987
451245
451502
451757
452010
452268
452525
452787
453050
453314
453577
453838
454100
454363
454625
454887
455148
455405
455660
455914
456168
456426
456686
456947
457208
457469
457731
457996
458262
458527
458792
459057
459322
459586
459843
460095
460344
460592
460841
461090
461343
461600
461858
462117
462378
462640
462902
463165
463428
463690
463952
464214
464476
464738
464998
465256
