---
Mammal:            dog
Fs:                500
Integration_level: electrocardiogram

Channels:

    - type:   peak
      name:   Data
      unit:   index
      enable: yes

---

74
332
551
784
1029
1244
1467
1689
1910
2128
2341
2554
2768
2982
3198
3413
3629
3836
4037
4230
4417
4603
4798
4989
5187
5401
5617
5841
6058
6277
6501
6731
6992
7217
7472
7700
7936
8160
8382
8607
8832
9057
9307
9528
9757
9982
10191
10393
10586
10777
10964
11153
11353
11551
11750
11943
12141
12329
12532
12718
12900
13086
13278
13461
13658
13864
14049
14242
14445
14636
14839
15073
15295
15525
15804
16038
16265
16569
16799
17101
17352
17600
17904
18156
18390
18612
18842
19128
19375
19664
19914
20151
20386
20606
20815
21024
21249
21464
21693
21930
22149
22363
22581
22786
22991
23208
23459
23699
23914
24132
24352
24586
24798
25028
25304
25553
25780
26011
26292
26564
26781
26993
27212
27473
27691
27900
28097
28318
28568
28802
29015
29241
29481
29736
29953
30159
30365
30612
30825
31047
31297
31534
31750
32041
32315
32545
32769
33052
33317
33539
33758
33987
34252
34464
34679
34913
35179
35398
35606
35801
36012
36271
36481
36696
36911
37143
37399
37616
37827
38037
38265
38481
38690
38897
39136
39394
39644
39856
40105
40350
40564
40772
40976
41217
41474
41688
41902
42165
42451
42683
42902
43114
43338
43647
43891
44120
44348
44605
44826
45040
45249
45463
45704
45904
46108
46313
46528
46732
46922
47105
47293
47494
47697
47892
48078
48271
48474
48692
48896
49091
49289
49521
49783
49995
50198
50434
50687
50899
51106
51315
51553
51803
52014
52235
52490
52751
52971
53198
53466
53699
53920
54144
54361
54559
54753
54960
55188
55403
55607
55813
56026
56239
56434
56625
56814
57016
57214
57409
57616
57836
58062
58271
58486
58701
58899
59079
59256
59439
59632
59816
60007
60218
60415
60622
60847
61060
61269
61475
61710
61915
62121
62353
62562
62768
62968
63153
63327
63515
63706
63902
64154
64372
64581
64770
64973
65173
65374
65614
65855
66084
66303
66536
66745
66951
67153
67356
67584
67803
68052
68317
68571
81475
81657
81833
82003
82188
82358
82522
82685
82843
83000
83161
83318
83481
83649
83822
84000
84175
84354
84539
84728
84915
85117
85336
85567
85789
86019
86242
86463
86662
86863
87065
87279
87492
87698
87900
88096
88291
88480
88684
88884
89107
89324
89547
89768
89985
90213
90426
90663
90871
91083
91289
91523
91737
91950
92185
92424
92672
92891
93115
93334
93554
93795
94046
94300
94560
94829
95081
95319
95554
95784
96022
96298
96528
96787
97061
97336
97597
97848
98090
98325
98553
98783
99037
99300
99559
99809
100050
100314
100572
100826
101064
101303
101555
101785
102044
102264
102489
102712
102939
103210
103456
103710
103965
104204
104458
104677
104897
105104
105303
105492
105685
105881
106091
106308
106519
106738
106973
107219
107432
107656
107862
108060
108264
108462
108683
108889
109095
109304
109530
109790
110043
110323
110634
110897
111151
111475
111743
112044
112316
112635
112892
113166
113419
113724
113995
114287
114551
114815
115098
115351
115613
115836
116075
116328
116546
116858
117086
117318
117558
117784
118060
118316
118594
118858
119116
119385
119646
119908
120174
120446
120723
120996
121257
121496
121737
121966
122237
122459
122683
122898
123106
123308
123505
123701
123899
124102
124307
124512
124718
124929
125148
125362
125584
125828
126044
126289
126500
126720
126981
127192
127457
127703
127927
128187
128440
128695
128944
129190
129439
129704
129972
130266
130560
130857
131140
131400
131630
131891
132125
132388
132608
132842
133070
133332
133546
133803
134021
134264
134478
134698
134921
135141
135362
135576
135790
136002
136217
136451
136668
136910
137153
137393
137634
137872
138180
138414
138690
138963
139196
139511
139735
140024
140260
140618
140868
141185
141442
141692
141982
142216
142511
142746
143058
143298
143576
143857
144094
144390
144628
144873
145121
145351
145585
145814
146041
