---
Mammal:            dog
Fs:                500
Integration_level: electrocardiogram

Channels:

    - type:   peak
      name:   Data
      unit:   index
      enable: yes

---

16
306
572
858
1180
1547
1816
2159
2641
2907
3204
3502
3791
4305
4672
4947
5238
5693
5972
6264
6591
6897
7187
7570
7849
8114
8450
8764
9040
9333
9774
10048
10316
10739
10986
11235
11557
11861
12135
12533
12873
13126
13400
13689
14052
14303
14568
14847
15296
15572
15824
16110
16562
16828
17075
17394
17888
18152
18393
18673
19089
19364
19623
19929
20477
20749
21001
21358
21672
21959
22272
22823
23112
23361
23685
24032
24432
24719
24995
25373
25802
26093
26355
26615
26928
27469
27741
28008
28360
28741
29038
29324
29708
30215
30501
30751
31047
31450
31824
32112
32393
32721
33275
33550
33792
34069
34596
34872
35156
35434
35874
36200
36481
36740
37049
37537
37821
38071
38320
38628
39136
39421
39665
39919
40248
40715
40973
41246
41484
41780
42073
42380
42653
42911
43245
43520
43765
44042
44526
44810
45057
45320
45581
45855
46208
46527
46832
47191
47499
47778
48082
48425
48707
48960
49233
49540
49847
50123
50366
50626
50988
51315
51605
51862
52148
52581
52882
53158
53407
53728
54085
54432
54720
54973
55253
55536
55897
56175
56477
56903
57167
57421
57662
57924
58254
58651
58932
59217
59471
59731
59991
60464
60737
60993
61298
61574
61824
62065
62332
62675
62936
63180
63461
63828
64117
64397
64669
64966
65324
65610
65908
66237
66560
66835
67086
67383
67714
68018
68287
68598
68913
69234
69500
69748
70060
70374
70639
70927
71269
71580
71857
72153
72502
72829
73100
73384
73706
73994
74239
74535
74827
75090
75352
75596
75839
76125
76373
76627
76895
77139
77381
77621
77903
78152
78398
78635
78863
79087
79301
79511
79718
79943
80173
80562
80801
81024
81239
81450
81658
81873
82123
82367
82630
83036
83300
83533
83768
84004
84263
84505
84798
85063
85358
85653
85924
86250
86493
86764
87008
87263
87530
87798
88052
88394
88690
88950
89212
89475
89762
90002
90283
90549
90801
91048
91445
91684
91943
92231
92486
92735
93092
93457
93705
93969
94272
94558
94819
95072
95328
95599
95916
96209
96488
96768
97011
97281
97739
98007
98300
98648
98925
99176
99426
99653
99881
100111
100351
100583
100820
101047
101269
101491
101713
101954
102193
102452
102831
103088
103505
103774
104010
104250
104513
104828
105105
105431
105782
106035
106289
106531
106785
107096
107489
107779
108024
108270
108636
108895
109161
109528
109792
110117
110425
110708
111027
111360
111648
111916
112188
112434
112696
112951
113204
113454
113726
114175
114445
114702
114975
115271
115660
115935
116202
116492
116748
117087
117368
117626
117904
118213
118469
118710
118957
119212
119694
120025
120331
120629
120906
121163
121439
121732
122026
122364
122676
122983
123291
123807
124139
124445
124744
125028
125298
125579
125868
126157
126514
126817
127180
127504
127790
128096
128379
128659
128940
129279
129569
129845
130110
130367
130623
130916
131168
131439
131743
132240
132582
132956
133262
133551
133842
134123
134449
134751
135036
135317
135628
135926
136194
136449
136703
136971
137442
137734
137992
138237
138479
138718
138977
139252
139560
139882
140175
140469
140789
141072
141325
141593
141851
142133
142458
142756
143032
143339
143705
144013
144298
144596
144889
145153
145420
145701
145964
146283
146695
146986
147250
147494
147774
148032
148352
148655
149009
149298
149579
149921
150213
150657
150934
151187
151449
151735
151987
152234
152486
152771
153052
153395
153711
154035
154328
154625
154926
155211
155499
155793
156151
156431
156877
157160
157454
157752
158065
158381
158946
159247
159507
159774
160293
160566
160848
161297
161566
161889
162305
162603
162910
163228
163544
163860
164216
164745
165032
165292
165561
165828
166155
166476
166795
167127
167616
167881
168137
168398
168652
168925
169219
169507
169785
170076
170538
170782
171033
171322
171727
171980
172219
172495
172784
173028
173292
173558
173827
174087
174353
