---
Mammal:            dog
Fs:                500
Integration_level: electrocardiogram

Channels:

    - type:   peak
      name:   Data
      unit:   index
      enable: yes

---

20
236
436
625
806
985
1167
1352
1546
1728
1956
2176
2385
2581
2766
2956
3155
3346
3538
3722
3897
4077
4277
4485
4683
4872
5051
5230
5423
5642
5854
6057
6251
6436
6630
6829
7051
7261
7466
7657
7842
8021
8218
8418
8613
8802
8985
9165
9348
9547
9738
9927
10117
10316
10534
10761
10972
11171
11354
11524
11705
11905
12115
12323
12517
12653
12853
13017
13183
13355
13559
13755
13954
14151
14339
14525
14732
14942
15158
15370
15567
15753
15935
16123
16324
16519
16709
16893
17067
17252
17453
17676
17884
18081
18257
18438
18637
18847
19050
19246
19436
19618
19817
20032
20241
20443
20635
20821
21022
21213
21410
21600
21798
22004
22204
22401
22587
22782
22982
23185
23383
23567
23740
23921
24124
24369
24614
24840
25044
25241
25457
25701
25944
26166
26372
26575
26800
27063
27331
27565
27776
27977
28171
28389
28635
28869
29092
29311
29544
29776
30006
30221
30419
30614
30816
31033
31244
31457
31663
31864
32060
32257
32472
32694
32910
33110
33303
33499
33698
33901
34102
34308
34513
34722
34934
35156
35373
35592
35808
36036
36263
36480
36696
36921
37167
37416
37654
37887
38144
38406
38682
38932
39183
39449
39681
39896
40092
40298
40521
40751
40982
41210
41466
41743
41985
42206
42412
42611
42849
43114
43384
43615
43831
44048
44278
44499
44712
44919
45128
45284
45552
45786
46007
46234
46482
46748
46995
47217
47432
47653
47866
48083
48301
48534
48769
48998
49230
49474
49694
49901
50100
50261
50499
50711
50910
51109
51301
51512
51758
52004
52238
52459
52687
52949
53189
53410
53610
53812
54046
54307
54554
54782
54996
55221
55482
55732
55963
56178
56404
56652
56917
57159
57374
57578
57780
57989
58189
58393
58602
58754
59025
59271
59498
59704
59908
60122
60382
60644
60887
61114
61334
61565
61813
62048
62276
62501
62749
63002
63233
63458
63668
63880
64103
64363
64631
64884
65122
65357
65612
65862
66088
66301
66524
66772
67026
67266
67479
67697
67943
68210
68462
68690
68927
69178
69441
69681
69893
70100
70320
70543
70761
70967
71180
71410
71669
71906
72124
72328
72533
72736
72956
73176
73423
73666
73894
74109
74344
74580
74802
75014
75231
75476
75717
75949
76171
76389
76643
76923
77190
77418
77624
77830
78052
78276
78499
78722
78978
79243
79482
79697
79924
80170
80406
80645
80878
81134
81388
81662
81914
82144
82359
82574
82799
83063
83313
83558
83824
84107
84342
84568
84810
85074
85318
85545
85767
86000
86237
86460
86675
86884
87078
87330
87542
87767
88010
88160
88393
88572
88769
88986
89218
89361
89584
89805
90028
90247
90465
90684
90918
91140
91361
91581
91808
92067
92314
92559
92834
93113
93356
93589
93785
94005
94239
94462
94682
94901
95144
95397
95641
95870
96098
96326
96547
96770
96998
97235
97486
97730
97966
98212
98461
98704
98935
99163
99389
99607
99821
100051
100272
100491
100710
100929
101149
101371
101599
101831
102068
102303
102543
102797
103051
103302
103542
103743
103937
104133
104332
104532
104734
104938
105147
105356
105566
105785
106006
106243
106485
106728
106953
107169
107394
107651
107897
108118
108335
108552
108765
108977
109190
109404
109619
109835
110053
110268
110486
110707
110935
111168
111405
111643
111880
112120
112362
112596
112825
113035
113231
113439
113622
113855
114056
114252
114448
114661
114872
115088
115305
115536
115758
115972
116180
116423
116644
116870
117097
117338
117584
117837
118090
118343
118597
118842
119083
119317
119536
119751
119966
120180
120388
120602
120821
121035
121253
121465
121678
121891
122103
122320
122537
122752
122965
123189
123411
123633
123857
124081
124315
124546
124776
125014
125252
125496
125748
126006
126259
126511
126763
127010
127251
127487
127706
127920
128143
128364
128594
128817
129038
129260
129483
129695
129922
130131
130331
130540
130733
130944
131165
131375
131580
131782
131987
132208
132478
132713
132943
133197
133475
133774
134200
134485
134729
134969
135202
135431
135662
135916
136177
136437
136698
136951
137208
137454
137697
137949
138203
138452
138706
138960
139211
139469
139708
139935
140153
140377
140595
140843
141076
141325
141599
141873
142120
142350
142596
142874
143118
143356
143628
143963
144217
144459
144715
145045
145303
145550
145793
146054
146295
146524
146759
147037
147277
147508
147760
148001
148248
148487
148736
148972
149208
149438
149671
149914
150154
150411
150665
150909
151154
151386
151611
151840
152081
152349
152618
152882
153150
153426
153680
153953
154222
154476
154719
154965
155227
155490
155841
156130
156385
156622
156883
157192
157461
157707
157945
158185
158493
158785
159038
159270
159524
159761
160006
160248
160507
160779
161046
161298
161562
161794
162010
162224
162433
162649
162845
163034
163221
163407
163597
163783
163962
164137
164309
164477
164642
164810
164976
165135
165286
165436
165588
165744
165900
166056
166213
166362
166512
166666
166818
166970
167123
167273
167425
167577
