---
Mammal:            dog
Fs:                500
Integration_level: electrocardiogram

Channels:

    - type:   peak
      name:   Data
      unit:   index
      enable: yes

---

33
284
514
732
942
1158
1378
1597
1824
2071
2358
2602
2848
3163
3398
3628
3850
4064
4285
4514
4746
4977
5263
5511
5752
5981
6215
6464
6849
7117
7361
7670
8050
8363
8619
8866
9125
9433
9697
9965
10259
10653
10928
11175
11431
11784
12112
12389
12647
12958
13345
13651
13925
14204
14525
14846
15135
15383
15615
15849
16089
16323
16560
16788
17075
17331
17582
17818
18046
18269
18483
18693
18905
19122
19383
19620
19864
20092
20343
20618
20863
21095
21325
21597
22015
22268
22503
22728
22987
23332
23604
23846
24083
24322
24577
24809
25041
25278
25529
25818
26062
26332
26602
26854
27102
27333
27568
27816
28077
28323
28556
28781
29003
29214
29417
29616
29822
30035
30264
30489
30714
30932
31153
31368
31581
31805
32034
32258
32471
32677
32879
33077
33275
33470
33667
33864
34070
34323
34547
34776
35013
35271
35517
35748
35965
36176
36411
36631
36860
37309
37582
37822
38084
38516
38779
39015
39251
39468
39683
39909
40186
40619
40928
41189
41439
41708
41994
42469
42800
43060
43301
43547
43820
44290
44554
44797
45039
45289
45551
45975
46253
46501
46737
47012
47363
47622
47905
48313
48682
48943
49182
49435
49737
50074
50373
50637
50869
51086
51310
51545
51843
52223
52471
52695
52908
53118
53333
53542
53749
53955
54182
54425
54643
54854
55067
55279
55504
55724
55939
56149
56359
56578
56795
57017
57228
57437
57644
57855
58064
58270
58468
58665
58863
59069
59286
59514
59733
59956
60199
60523
60765
61000
61225
61445
61670
61908
62160
62431
62670
62904
63137
63355
63587
63854
64111
64353
64601
64877
65147
65386
65620
65844
66082
66335
66560
66780
67004
67231
67499
67734
67963
68194
68437
68686
68916
69140
69364
69601
69828
70053
70267
70475
70687
70907
71129
71355
71582
71795
72024
72264
72496
72724
72939
73146
73355
73567
73788
74011
74224
74445
74665
74877
75079
75279
75474
75676
75873
76071
76267
76464
76668
76887
77091
77296
77499
77695
77889
78081
78269
78458
78650
78847
79042
79233
79424
79616
79808
80006
80208
80417
80670
80935
81185
81413
81642
81860
82079
82286
82486
82680
82874
83097
83305
83513
83718
83926
84137
84348
84568
84833
85087
85475
85732
85975
86197
86418
86653
86897
87134
87374
87617
87845
88073
88314
88583
88860
89145
89391
89634
89867
90090
90308
90523
90733
90961
91194
91454
91692
91959
92325
92578
92819
93056
93287
93507
93722
93931
94142
94376
94642
94880
95113
95344
95568
95802
96031
96260
96502
96743
96989
97243
97498
97749
97978
98214
98435
98656
98890
99107
99322
99530
99732
99940
100147
100354
100562
100788
101003
101225
101457
101690
101945
102196
102425
102661
102950
103190
103422
103653
103880
104230
104521
104778
105059
105308
105549
105795
106034
106286
106543
106901
107232
107496
107797
108151
108512
108793
109029
109250
109470
109697
109945
110210
110464
110734
111103
111369
111613
111839
112075
112377
112661
112921
113160
113396
113645
113905
114154
114400
114657
115046
115314
115557
115794
116034
116260
116482
116705
116925
117169
117448
117716
117965
118203
118516
118773
119007
119229
119439
119646
119861
120077
120294
120506
120712
120916
121130
121342
121550
121751
121951
122145
122339
122529
122715
122900
123084
123264
123445
123623
123802
123978
124150
