---
Mammal:            rabbit
Fs:                1000
Integration_level: electrocardiogram

Channels:

    - type:   peak
      name:   Data
      unit:   index
      enable: yes

---

13
251
489
730
969
1208
1449
1692
1932
2174
2417
2660
2901
3143
3385
3627
3868
4110
4351
4594
4834
5075
5312
5554
5797
6039
6282
6525
6767
7011
7256
7501
7745
7991
8236
8482
8726
8972
9216
9455
9690
9919
10149
10377
10601
10820
11039
11259
11477
11696
11919
12149
12386
12624
12864
13104
13345
13586
13829
14073
14318
14562
14808
15055
15301
15547
15793
16040
16286
16527
16766
17009
17254
17499
17745
17991
18241
18488
18735
18982
19229
19476
19723
19968
20210
20452
20693
20935
21175
21419
21663
21909
22158
22409
22657
22907
23158
23409
23659
23912
24165
24417
24668
24921
25172
25417
25659
25899
26140
26386
26632
26876
27120
27368
27612
27856
28100
28347
28591
28835
29078
29324
29564
29806
30049
30294
30538
30784
31032
31282
31532
31782
32033
32282
32532
32779
33026
33274
33521
33767
34012
34257
34503
34751
35000
35249
35500
35755
36009
36261
36511
36759
37005
37246
37486
37727
37970
38212
38456
38701
38953
39204
39455
39707
39959
40212
40464
40717
40969
41225
41478
41733
41986
42241
42495
42748
43001
43252
43502
43752
44000
44246
44489
44728
44965
45202
45439
45678
45917
46155
46394
46633
46876
47122
47368
47615
47867
48123
48378
48631
48884
49136
49392
49645
49897
50151
50409
50664
50916
51167
51419
51673
51925
52181
52437
52695
52953
53211
53470
53729
53986
54245
54505
54764
55024
55282
55538
55788
56039
56288
56537
56784
57034
57284
57537
57791
58043
58295
58546
58795
59045
59299
59551
59800
60050
60301
60557
60813
61067
61321
61577
61835
62094
62352
62610
62870
63125
63377
63627
63877
64124
64371
64622
64873
65132
65389
65645
65902
66159
66417
66671
66926
67181
67441
67697
67949
68201
68456
68712
68967
69221
69475
69731
69986
70238
70491
70744
70997
71249
71499
71750
72001
72254
72502
72751
72999
73246
73493
73740
73988
74234
74484
74736
74989
75240
75493
75749
76009
76268
76527
76786
77045
77304
77562
77820
78077
78333
78588
78841
79093
79347
79602
79855
80109
80364
80622
80875
81127
81378
81633
81888
82144
82399
82655
82916
83176
83434
83693
83952
84208
84464
84719
84973
85226
85478
85733
85987
86241
86494
86747
87003
87256
87510
87764
88020
88275
88532
88790
89050
89311
89569
89828
90090
90354
90614
90874
91133
91395
91656
91914
92172
92430
92691
92952
93208
93464
93724
93987
94247
94506
94765
95025
95284
95542
95801
96059
96317
96573
96829
97086
97342
97601
97863
98121
98381
98640
98900
99161
99419
99678
99939
100199
100462
100723
100982
101243
101503
101766
102026
102285
102543
102803
103065
103322
103582
103842
104105
104366
104628
104893
105160
105426
105689
105952
106215
106480
106742
107003
107267
107530
107795
108058
108323
108588
108854
109121
109389
109656
109924
110193
110461
110725
110990
111256
111523
111786
112048
112308
112571
112835
113096
113358
113621
113889
114157
114423
114688
114952
115217
115481
115739
115997
116256
116519
116783
117045
117309
117572
117835
118097
118360
118622
118889
119157
119421
119688
119952
120218
120483
120746
121011
121275
121543
121814
122082
122352
122620
122889
123155
123421
123687
123949
124208
124469
124727
124985
125243
125500
125759
126017
126277
126540
126805
127070
127339
127612
127880
128147
128418
128686
128953
129217
129482
129745
130014
130283
130546
130812
131078
131347
131614
131880
132145
132411
132679
132942
133207
133474
133744
134011
134276
134541
134804
135067
135328
135586
135845
136106
136363
136617
136875
137133
137393
137654
137913
138171
138431
138689
138948
139206
139462
139719
139976
140233
140489
140743
140998
141258
141518
141776
142034
142291
142552
142812
143069
143326
143584
143847
144112
144372
144637
144904
145173
145439
145704
145970
146235
146500
146761
147023
147285
147547
147813
148077
148341
148606
148870
149133
149392
149651
149910
150170
150432
150693
150950
151209
151469
151728
151985
152240
152496
152752
153010
153267
153529
153789
154052
154317
154582
154846
155114
155384
155656
155922
156192
156458
156727
156996
157262
157532
157796
158062
158323
158586
158850
159117
159386
159650
159915
160182
160451
160720
160985
161253
161519
161787
162056
162323
162590
162859
163128
163395
163662
163926
164189
164452
164715
164980
165247
165512
165776
166038
166298
166559
166820
167079
167336
167595
167853
168114
168375
168635
168897
169162
169433
169708
169975
170245
170510
170779
171045
171308
171570
171833
172098
172362
172626
172892
173159
173424
173687
173951
174211
174470
174727
174985
175240
175496
175749
176000
176251
176501
176751
177000
177250
177499
177749
178002
178252
178504
178755
179008
179264
179519
179776
180031
180286
180543
180800
181056
181312
181568
181825
182083
182339
182594
182850
183107
183366
183627
183891
184154
184418
184683
184951
185216
185482
185748
186015
186279
186537
186795
187050
187308
187565
187822
188081
188342
188605
188870
189135
189402
189666
189931
190194
190455
190714
190971
191230
191489
191747
192005
192262
192519
192777
193034
193290
193547
193804
194064
194324
194583
194843
195101
195361
195619
195874
196130
196386
196642
196899
197155
197413
197671
197932
198193
198457
198725
198994
199262
199527
199791
200056
200319
200583
200844
201104
201364
201626
201888
202151
202414
202679
202943
203208
203473
203735
203997
204261
204528
204793
205058
205324
205590
205858
206126
206391
206655
206918
207179
207441
207700
207961
208221
208483
208741
208998
209254
209511
209777
210048
210318
210586
210858
211132
211406
211677
211952
212228
212501
212773
213049
213325
213597
213868
214134
214401
214666
214929
215189
215451
215712
215970
216225
216477
216730
216982
217234
217485
217734
217984
218235
218484
218736
218988
219244
219500
219758
220014
220272
220526
220782
221038
221293
221548
221800
222054
222308
222564
222816
223065
223313
223561
223803
224045
224286
224528
224772
225016
225268
225528
225796
226062
226327
226595
226867
227137
227407
227681
227955
228227
228494
228763
229030
229299
229569
229840
230107
230381
230655
230929
231206
231481
231756
232029
232300
232570
232840
233107
233373
233637
233901
234164
234427
234690
234956
235227
235497
235773
236048
236325
236601
236878
237154
237432
237708
237980
238254
238529
238811
239088
239364
239639
239917
240198
240473
240752
241027
241303
241572
241840
242107
242378
242650
242919
243190
243463
243738
244011
244284
244555
244827
245100
245371
245643
245915
246187
246457
246727
246997
247266
247538
247805
248074
248342
248615
248888
249158
249433
249709
249994
250273
250552
250834
251118
251401
251681
251967
252251
252532
252808
253082
253359
253640
253915
254197
254476
254761
255040
255317
255594
255871
256150
256425
256700
256975
257250
257523
257796
258066
258340
258615
258887
259159
259430
259704
259978
260249
260525
260802
261079
261359
261637
261915
262191
262468
262742
263017
263289
263566
263843
264115
264388
264663
264939
265211
265484
265758
266034
266306
266583
266858
267135
267410
267685
267962
268243
268523
268800
269079
269355
269632
269904
270176
270447
270720
270991
271264
271534
271808
272084
272359
272634
272908
273182
273454
273726
273998
274264
274533
274798
275061
275326
275590
275855
276115
276375
276635
276896
277156
277418
277683
277949
278219
278486
278754
279023
279292
279561
279827
280090
280355
280624
280899
281169
281443
281716
281990
282264
282536
282810
283083
283359
283632
283904
284176
284444
284716
284983
285252
285520
285792
286061
286331
286600
286869
287135
287396
287653
287906
288155
288401
288642
288881
289116
289348
289579
289808
290033
290258
290484
290711
290944
291182
291417
291654
291889
292125
292364
292607
292859
293117
293380
293648
293918
294189
294459
294733
295009
295284
295560
295832
296106
296374
296644
296915
297180
297450
297720
297992
298264
298531
298804
299077
299348
299619
299893
300166
300443
300717
300994
301271
301549
301827
302103
302379
302654
302926
303198
303466
303735
304006
304275
304543
304812
305077
305343
305608
305871
306137
306406
306680
306955
307230
307508
307785
308059
308331
308602
308873
309145
309412
309682
309952
310224
310495
310764
311034
311309
311582
311855
312129
312403
312680
312951
313222
313496
313771
314052
314329
314608
314888
315167
315447
315729
316013
316296
316579
316859
317140
317421
317703
317981
318258
318537
318815
319095
319372
319649
319931
320210
320489
320767
321048
321329
321610
321888
322170
322454
322738
323020
323308
323594
323880
324161
324442
324726
325007
325287
325560
325838
326114
326396
326671
326946
327221
327498
327772
328047
328323
328603
328881
329158
329439
329718
329999
330280
330560
330842
331124
331404
331684
331962
332241
332522
332804
333083
333364
333645
333925
334202
334480
334760
335041
335317
335593
335872
336151
336429
336705
336986
337267
337553
337836
338116
338401
338685
338969
339251
339535
339820
340105
340388
340671
340957
341243
341528
341810
342098
342384
342669
342954
343238
343525
343810
344095
344375
344658
344943
345224
345502
345779
346058
346335
346610
346882
347156
347436
347719
348005
348284
348566
348850
349134
349417
349696
349980
350266
350552
350834
351116
351403
351692
351981
352267
352560
352853
353146
353435
353723
354015
354307
354595
354882
355174
355465
355754
356040
356325
356607
356891
357171
357446
357724
358002
358280
358556
358832
359110
359389
359667
359943
360219
360494
360772
361049
361324
361599
361878
362156
362436
362711
362990
363272
363552
363830
364108
364393
364678
364964
365247
365534
365820
366107
366391
366673
366960
367246
367533
367815
368100
368388
368675
368957
369239
369527
369819
370107
370395
370682
370972
371261
371547
371831
372120
372408
372697
372987
373275
373566
373856
374146
374428
374711
374994
375279
375559
375833
376109
376385
376661
376934
377206
377482
377766
378056
378343
378629
378918
379207
379496
379780
380070
380359
380646
380927
381205
381485
381766
382048
382325
382601
382880
383158
383437
383710
383990
384264
384539
384810
385078
385349
385622
385897
386171
386445
386720
386996
387271
387543
387817
388092
388369
388645
388919
389196
389473
389755
390034
390308
390584
390862
391144
391436
391720
392008
392297
392590
392886
393178
393474
393771
394067
394361
394659
394956
395252
395545
395841
396136
396432
396726
397019
397316
397615
397911
398205
398503
398799
399094
399385
399679
399963
400245
400524
400802
401084
401364
401646
401931
402216
402503
402790
403076
403358
403647
403935
404221
404499
404776
405054
405332
405615
405892
406173
406456
406742
407024
407303
407584
407867
408149
408428
408716
409006
409296
409581
409866
410153
410445
410730
411016
411305
411593
411882
412168
412459
412746
413035
413322
413612
413904
414194
414485
414772
415058
415344
415628
415912
416191
416471
416752
417037
417323
417602
417883
418164
418444
418724
419000
419279
419563
419851
420135
420417
420707
420996
421287
421571
421857
422145
422439
422732
423024
423314
423610
423905
424200
424491
424786
425080
425373
425662
425951
426246
426541
426838
427130
427428
427724
428019
428313
428606
428903
429199
429495
429789
430083
430379
430675
430968
431258
431546
431835
432127
432417
432706
432998
433294
433589
433880
434175
434470
434765
435057
435348
435644
435937
436230
436518
436811
437101
437394
437683
437972
438264
438557
438849
439137
439432
439727
440022
440315
440606
440902
441198
441493
441787
442083
442378
442672
442965
443253
443541
443828
444112
444396
444679
444965
445251
445537
445823
446108
446393
446681
446968
447250
447532
447817
448107
448396
448679
448965
449259
449552
449842
450124
450412
450697
450990
451282
451569
451861
452153
452446
452735
453024
453316
453609
453900
454189
454480
454771
455061
455348
455633
455918
456209
456500
456786
457072
457361
457650
457941
458227
458519
458815
459109
459399
459687
459972
460247
460513
460775
461033
461288
461539
461789
462036
462282
462525
462763
462998
463231
463462
463693
463923
464152
464379
464604
464829
465054
465278
465501
465728
465954
466187
466423
466661
466904
467147
467394
467639
467884
468125
468365
468603
468840
469079
469321
469567
469816
470067
470320
470575
470831
471087
471343
471597
471854
472112
472373
472636
472904
473174
473446
473719
473993
474267
474546
474826
475105
475382
475663
475944
476226
476507
476789
477075
477360
477644
477926
478212
478498
478784
479068
479353
479642
479932
480224
480512
480796
481085
481366
481655
481943
482230
482513
482801
483088
483372
483649
483923
484199
484474
484745
485016
485288
485563
485835
486110
486387
486662
486937
487212
487485
487756
488028
488308
488595
488874
489156
489438
489718
489993
490268
490537
490799
491060
491318
491574
491829
492085
492338
492591
492844
493095
493345
493596
493849
494100
494352
494605
494857
495106
495356
495606
495856
496108
496363
496621
496883
497147
497414
497686
497957
498231
498510
498788
499070
499353
499639
499925
500215
500504
500792
501078
501365
501651
501932
502215
502496
502775
503056
503336
503615
503896
504180
504462
504746
505033
505320
505607
505897
506186
506474
506761
507052
507339
507628
507916
508201
508484
508760
509033
509306
509578
509856
510134
510418
510701
510984
511266
511552
511834
512123
512410
512697
512985
513273
513565
513855
514145
514432
514719
515008
515294
515579
515862
516146
516432
516717
517003
517288
517572
517860
518148
518435
518721
519012
519302
519591
519877
520163
520453
520743
521032
521319
521608
521900
522190
522481
522769
523058
523350
523640
523930
524216
524506
524795
525084
525371
525655
525941
526227
526512
526798
527084
527372
527658
527945
528230
528516
528805
529091
529374
529651
529921
530191
530462
530735
531011
531288
531573
531852
532131
532411
532693
532975
533255
533532
533813
534086
534355
534622
534883
535134
535383
535630
535880
536131
536385
536646
536910
537179
537449
537719
537991
538264
538533
538800
539068
539338
539611
539884
540159
540435
540711
540986
541258
541530
541799
542067
542336
542605
542879
543156
543442
543725
544010
544294
544585
544873
545160
545452
545743
546036
546323
546619
546915
547211
547501
547801
548099
548394
548690
548989
549287
549579
549878
550175
550468
550759
551053
551348
551638
551929
552223
552517
552805
553101
553393
553684
553973
554263
554550
554836
555122
555411
555703
555994
556283
556576
556868
557158
557448
557741
558033
558322
558605
558888
559170
559451
559728
560018
560313
560603
560889
561183
561477
561770
562060
562356
562651
562942
563237
563532
563826
564115
564410
564700
564976
565254
565524
565792
566059
566332
566612
566894
567183
567470
567756
568038
568322
568601
568880
569157
569433
569711
569991
570270
570549
570828
571108
571386
571664
571943
572219
572495
572769
573045
573327
573605
573889
574172
574456
574737
575020
575305
575590
575872
576157
576450
576747
577035
577328
577621
577913
578199
578492
578779
579067
579352
579639
579926
580216
580501
580784
581062
581336
581603
581870
582134
582396
582659
582920
583188
583459
583733
584007
584282
584558
584834
585107
585379
585648
585918
586190
586461
586737
587012
587288
587562
587836
588106
588375
588638
588896
589148
589397
589643
589889
590135
590381
590629
590877
591128
591380
591635
591891
592152
592415
592681
592950
593221
593497
593778
594059
594343
594630
594917
595205
595494
595783
596071
596358
596646
596931
597208
597486
597764
598041
598318
598594
598871
599149
599426
599702
599976
600250
600524
600797
601069
601338
601607
601878
602151
602427
602701
602980
603265
603546
603827
604109
604393
604678
604962
605244
605530
605815
606102
606385
606673
606960
607247
607534
607817
608105
608390
608671
608949
609229
609513
609797
610081
610365
610650
610939
611229
611520
611813
612102
612397
612694
612988
613287
613584
613881
614181
614480
614780
615081
615376
615672
615971
616266
616561
616855
617146
617440
617732
618025
618318
618609
618904
619199
619495
619792
620086
620386
620684
620980
621278
621572
621870
622168
622466
622765
623060
623359
623658
623957
624256
624553
624855
625156
625458
625760
626058
626362
626664
626966
627267
627567
627871
628171
628468
628764
629058
629353
629648
629942
630239
630531
630826
631124
631422
631719
632012
632306
632604
632900
633195
633486
633778
634072
634366
634660
634951
635240
635536
635830
636124
636416
636710
637007
637304
637602
637895
638189
638485
638782
639077
639370
639661
639955
640249
640541
640833
641124
641417
641712
642007
642303
642597
642894
643195
643495
643794
644089
644383
644682
644980
645277
645571
645864
646164
646465
646768
647064
647361
647664
647965
648265
648562
648855
649156
649455
649754
650051
650344
650646
650946
651245
651545
651840
652143
652443
652741
653042
653337
653636
653934
654232
654529
654823
655117
655413
655706
656000
656292
656580
656870
657161
657452
657743
658033
658322
658615
658907
659199
659488
659775
660069
660362
660654
660945
661234
661528
661822
662115
662408
662697
662990
663284
663578
663872
664164
664454
664749
665042
665333
665620
665909
666201
666494
666788
667082
667373
667667
667962
668257
668550
668842
669132
669427
669722
670016
670310
670601
670896
671189
671482
671772
672060
672353
672647
672940
673234
673523
673817
674112
674404
674697
674986
675281
675575
675868
676157
676446
676740
677032
677325
677613
677899
678190
678480
678769
679055
679338
679625
679903
680172
680432
680686
680935
681176
681416
681657
681896
682132
682364
682596
682827
683057
683283
683507
683732
683958
684183
684408
684633
684861
685094
685331
685572
685816
686063
686316
686569
686831
687095
687364
687631
687902
688174
688448
688724
688997
689274
689555
689837
690119
690399
690687
690974
691259
691542
691833
692124
692412
692696
692987
693277
693565
693850
694142
694431
694719
695005
695290
695581
695873
696169
696461
696757
697054
697349
697639
697925
698216
698505
698790
699071
699360
699646
699930
700210
700497
700782
701065
701346
701634
701922
702210
702494
702786
703076
703365
703650
703940
704229
704518
704804
705089
705379
705668
705952
706233
706521
706807
707092
707374
707662
707949
708234
708516
708797
709082
709368
709655
709940
710229
710520
710810
711096
711385
711678
711971
712258
712545
712840
713134
713423
713709
714002
714291
714577
714860
715149
715436
715723
716007
716297
716588
716878
717164
717446
717736
718025
718314
718600
718887
719178
719467
719752
720036
720328
720617
720903
721186
721478
721768
722057
722342
722628
722917
723206
723495
723779
724067
724353
724639
724921
725203
725489
725773
726056
726336
726621
726905
727190
727472
727758
728046
728333
728617
728904
729194
729484
729769
730053
730343
730630
730913
731194
731480
731764
732047
732328
732615
732902
733187
733467
733751
734036
734319
734601
734880
735166
735451
735735
736015
736294
736578
736861
737144
737424
737703
737987
738271
738553
738832
739117
739399
739678
739953
740220
740489
740763
741038
741308
741588
741869
742146
